t 349 602 374 641 0
H 150 577 163 592 0
U 153 572 179 593 0
A 166 577 179 592 0
Q 180 577 193 592 0
I 195 572 209 593 0
A 211 577 216 592 0
O 218 577 247 593 0
U 254 577 267 592 0
N 256 577 281 592 0
I 269 577 282 592 0
V 285 577 305 592 0
E 293 577 319 592 0
R 307 577 320 592 0
S 321 577 333 592 0
I 334 577 345 592 0
T 346 577 366 592 0
Y 367 577 380 592 0
e 312 498 374 510 0
e 375 498 387 510 0
d 388 498 396 507 0
| 419 493 421 513 0
R 443 498 454 510 0
e 447 498 463 510 0
s 455 498 463 507 0
e 464 498 481 507 0
a 482 498 490 507 0
r 491 498 497 507 0
c 497 498 505 507 0
h 506 498 515 510 0
| 538 493 540 513 0
H 562 498 573 510 0
Q 574 497 585 510 0
U 586 498 597 510 0
& 602 498 613 510 0
t 604 497 626 510 0
h 618 498 632 510 0
e 633 498 641 507 0
W 636 497 658 510 0
o 646 498 661 510 0
r 661 498 670 507 0
l 671 498 680 510 0
d 681 498 690 510 0
| 713 493 715 513 0
C 737 498 748 510 0
a 737 495 759 510 0
m 749 498 757 507 0
p 758 498 771 507 0
u 772 495 781 507 0
s 782 498 791 507 0
L 792 498 800 507 0
i 805 498 814 510 0
f 815 498 825 510 0
e 824 498 832 507 0
| 855 493 857 513 0
S 880 498 887 510 0
e 880 498 889 510 0
r 890 498 898 507 0
v 899 498 917 510 0
i 905 498 922 510 0
c 918 498 926 507 0
e 927 498 935 507 0
s 936 498 944 507 0
| 967 493 969 513 0
E 992 498 1002 510 0
m 993 495 1015 510 0
p 1003 498 1016 507 0
l 1017 495 1030 510 0
o 1031 498 1040 507 0
y 1040 495 1049 507 0
m 1050 498 1063 507 0
e 1055 495 1071 510 0
n 1064 498 1072 507 0
t 1073 498 1088 510 0
~ 0 452 1280 720 0
= 70 386 276 448 0
M 374 392 392 409 0
I 380 392 392 409 0
H 400 392 411 407 0
u 402 388 424 407 0
a 414 392 424 403 0
g 426 392 436 403 0
i 439 388 449 403 0
a 452 392 455 407 0
o 457 392 480 403 0
U 488 388 499 407 0
n 488 392 499 407 0
i 502 392 512 403 0
v 515 392 518 407 0
e 519 392 531 403 0
r 533 392 543 403 0
s 545 392 552 403 0
i 553 392 563 403 0
t 565 392 568 407 0
y 569 388 586 405 0
H 111 353 122 368 0
u 111 349 134 368 0
a 125 353 145 364 0
q 136 349 155 368 0
i 148 349 156 364 0
a 159 353 173 364 0
o 176 353 186 364 0
U 194 349 204 368 0
n 194 353 205 368 0
i 208 353 216 364 0
v 219 353 221 364 0
e 223 353 233 364 0
r 235 353 244 364 0
s 247 353 253 364 0
i 254 353 262 364 0
t 265 353 274 368 0
y 275 349 285 364 0
M 111 301 125 316 0
e 113 297 137 316 0
s 128 301 137 312 0
s 140 301 148 312 0
a 151 301 159 312 0
g 162 301 171 312 0
e 173 297 194 312 0
f 202 301 209 316 0
r 202 301 215 316 0
o 216 301 226 312 0
m 228 301 242 312 0
t 249 301 254 315 0
h 256 301 264 316 0
e 267 301 276 312 0
P 84 276 95 291 0
r 84 276 95 291 0
e 98 276 104 287 0
s 105 276 114 287 0
i 117 276 125 287 0
d 128 276 141 291 0
e 138 276 153 291 0
n 144 276 154 287 0
t 156 276 171 290 0
F 111 224 121 239 0
a 113 224 132 239 0
c 124 224 133 235 0
t 136 224 144 235 0
s 146 224 161 238 0
& 170 224 182 239 0
F 190 224 201 239 0
i 203 224 205 235 0
g 207 220 216 235 0
u 219 224 227 235 0
r 230 224 236 235 0
e 237 224 247 235 0
s 249 224 257 235 0
P 111 172 122 187 0
o 111 172 122 187 0
i 125 172 135 183 0
n 137 172 139 183 0
t 142 172 150 183 0
s 152 172 167 186 0
o 176 172 185 187 0
f 176 172 193 187 0
P 200 172 211 187 0
r 200 172 212 187 0
i 214 172 223 183 0
d 225 172 234 187 0
e 237 172 246 183 0
H 406 361 419 381 0
u 406 366 421 381 0
a 422 366 433 376 0
q 435 366 444 376 0
i 446 361 457 376 0
a 457 366 462 381 0
o 464 366 484 376 0
U 491 366 500 381 0
n 500 367 505 381 0
i 507 366 517 376 0
v 518 366 523 381 0
e 524 366 534 376 0
r 534 366 543 376 0
s 545 366 552 376 0
i 554 366 561 376 0
t 562 366 567 381 0
y 568 361 585 379 0
( 591 363 597 382 0
H 599 366 613 381 0
Q 616 362 630 381 0
U 619 362 639 382 0
) 632 363 653 382 0
w 660 367 666 376 0
a 666 366 675 376 0
s 676 366 694 376 0
e 701 366 707 382 0
s 701 366 709 376 0
t 711 366 718 376 0
a 719 366 725 379 0
b 727 366 736 376 0
l 737 366 748 382 0
i 749 366 760 382 0
s 762 366 769 376 0
h 770 366 781 382 0
e 771 366 792 382 0
d 783 366 803 382 0
b 809 366 820 382 0
y 821 361 831 376 0
t 836 366 842 379 0
h 843 366 854 382 0
e 855 366 864 376 0
C 871 366 882 381 0
h 883 366 894 382 0
i 885 366 900 382 0
n 895 366 912 381 0
e 913 366 922 376 0
s 914 366 929 382 0
e 923 366 941 376 0
c 948 366 956 376 0
e 948 366 968 382 0
n 958 366 966 376 0
t 967 366 978 376 0
r 979 366 992 379 0
a 992 366 1005 376 0
l 1006 366 1011 382 0
g 1017 361 1027 376 0
o 1028 366 1038 376 0
v 1039 366 1049 376 0
e 1050 366 1058 376 0
r 1060 366 1067 376 0
n 1069 366 1079 376 0
m 1081 366 1085 376 0
e 1086 366 1098 376 0
n 1099 366 1108 376 0
t 1109 366 1127 379 0
i 1133 366 1138 381 0
n 1140 366 1150 376 0
1 1157 366 1164 377 0
9 1166 362 1175 377 0
6 1168 362 1188 381 0
0 1178 366 1200 381 0
i 1207 366 1212 381 0
n 1213 366 1224 376 0
Q 406 337 420 356 0
u 409 337 429 357 0
a 421 341 432 351 0
n 434 341 443 351 0
z 445 341 455 351 0
h 456 341 464 351 0
o 465 341 476 357 0
u 478 341 487 351 0
, 488 337 504 351 0
a 501 332 516 361 0
c 528 341 529 351 0
o 528 341 536 351 0
a 538 341 547 351 0
s 549 341 558 351 0
t 559 341 567 351 0
a 568 341 574 354 0
l 576 341 591 357 0
c 598 336 605 356 0
i 598 341 612 356 0
t 607 336 622 356 0
y 613 336 630 354 0
i 635 341 640 356 0
n 641 341 652 351 0
F 659 341 670 356 0
u 665 336 680 356 0
j 671 336 687 356 0
i 689 341 694 356 0
a 696 341 705 351 0
n 707 341 717 351 0
P 724 341 735 356 0
r 728 341 743 356 0
o 737 341 744 351 0
v 746 341 762 351 0
i 762 341 771 356 0
n 764 341 779 356 0
c 773 341 783 351 0
e 785 341 803 351 0
i 809 341 814 356 0
n 816 341 826 351 0
t 832 341 838 354 0
h 839 341 850 357 0
e 851 341 860 351 0
S 867 341 877 356 0
o 879 341 888 351 0
u 882 341 898 357 0
t 889 341 900 351 0
h 901 341 907 354 0
e 908 341 919 357 0
a 920 341 929 351 0
s 931 341 940 351 0
t 942 341 956 354 0
o 962 341 970 357 0
f 962 341 981 357 0
C 986 341 997 356 0
h 998 341 1009 357 0
i 1001 337 1016 357 0
n 1010 341 1015 356 0
a 1016 341 1027 351 0
, 1029 337 1043 351 0
f 1050 341 1058 357 0
o 1058 341 1067 351 0
r 1069 341 1076 351 0
t 1082 341 1088 354 0
h 1089 341 1100 357 0
e 1102 341 1110 351 0
e 1116 341 1125 351 0
d 1127 341 1137 357 0
u 1138 341 1149 351 0
c 1141 341 1156 357 0
a 1151 341 1159 351 0
t 1161 341 1170 351 0
i 1171 341 1183 356 0
o 1177 341 1193 357 0
n 1184 341 1206 351 0
o 1212 341 1222 351 0
f 1223 341 1231 357 0
o 406 316 415 326 0
v 406 316 415 326 0
e 416 316 426 326 0
r 426 316 435 326 0
s 437 316 444 326 0
e 446 316 453 326 0
a 455 316 463 326 0
s 465 316 483 326 0
C 490 316 499 332 0
h 490 316 501 331 0
i 502 316 513 332 0
n 514 316 519 331 0
e 521 316 531 326 0
s 532 316 541 326 0
e 543 316 550 326 0
. 551 316 565 326 0
T 572 316 581 332 0
h 572 316 584 331 0
e 585 316 606 332 0
f 612 316 618 332 0
i 612 316 620 332 0
r 619 316 633 331 0
s 634 316 642 326 0
t 643 316 649 329 0
p 655 311 666 326 0
r 668 316 673 326 0
e 673 316 685 326 0
s 686 316 694 326 0
i 695 316 700 331 0
d 702 316 712 332 0
e 713 316 722 326 0
n 723 316 734 326 0
t 735 316 741 329 0
o 747 316 757 326 0
f 758 316 766 332 0
H 771 316 785 331 0
Q 788 312 802 331 0
U 804 316 818 331 0
w 824 317 830 326 0
a 830 316 839 326 0
s 840 316 858 326 0
M 864 316 874 331 0
r 875 316 882 331 0
. 884 316 896 326 0
L 904 316 915 331 0
I 917 316 928 331 0
A 927 316 938 331 0
O 939 316 953 331 0
C 960 311 970 332 0
h 960 316 971 331 0
e 972 316 983 332 0
n 985 316 993 326 0
g 995 316 1005 326 0
z 1006 311 1016 326 0
h 1017 316 1025 326 0
i 1026 316 1037 332 0
, 1038 312 1048 331 0
a 1056 316 1065 326 0
n 1056 316 1077 326 0
o 1083 311 1094 332 0
u 1083 316 1093 326 0
t 1094 316 1105 326 0
s 1106 316 1112 329 0
t 1114 316 1128 329 0
a 1130 316 1139 326 0
n 1140 316 1151 326 0
d 1141 311 1161 332 0
i 1153 316 1163 332 0
n 1164 316 1169 331 0
g 1170 311 1192 326 0
s 1198 316 1206 326 0
o 1199 316 1214 332 0
c 1208 316 1217 326 0
i 1219 316 1227 326 0
a 1228 316 1233 331 0
l 1235 316 1250 332 0
a 406 291 414 306 0
c 406 291 415 301 0
t 417 291 425 301 0
i 426 291 432 304 0
v 433 291 446 306 0
i 446 291 454 306 0
s 456 291 463 301 0
t 464 291 470 304 0
a 477 291 486 301 0
n 481 291 496 307 0
d 488 291 510 307 0
s 516 291 524 306 0
e 516 291 524 301 0
n 526 291 534 301 0
i 536 291 546 301 0
o 547 291 552 306 0
r 554 291 572 301 0
s 579 291 584 304 0
t 579 291 586 301 0
a 587 291 593 304 0
t 595 291 604 301 0
e 605 291 621 304 0
l 627 291 632 307 0
e 633 291 642 301 0
a 644 291 653 301 0
d 646 291 661 307 0
e 655 291 665 307 0
r 666 291 684 301 0
o 691 291 700 301 0
f 701 291 709 307 0
C 714 291 725 306 0
h 726 291 737 307 0
i 728 291 743 307 0
n 738 291 743 306 0
a 745 291 755 301 0
. 757 291 771 301 0
I 779 291 785 306 0
n 787 291 797 301 0
2 804 291 814 302 0
0 816 291 826 302 0
0 829 291 839 302 0
4 833 287 848 302 0
, 841 287 857 302 0
a 865 291 874 301 0
l 880 291 885 307 0
a 887 291 896 301 0
n 898 291 908 301 0
d 910 291 920 307 0
m 922 291 933 301 0
a 933 291 939 301 0
r 941 291 950 301 0
k 952 291 971 307 0
d 977 291 986 307 0
e 977 291 987 307 0
c 989 291 997 301 0
i 999 291 1007 301 0
s 1008 291 1022 306 0
i 1023 291 1028 306 0
o 1030 291 1039 301 0
n 1040 291 1051 301 0
w 1057 291 1069 301 0
a 1068 291 1082 301 0
s 1083 291 1091 301 0
m 1097 291 1109 301 0
a 1108 291 1115 301 0
d 1117 291 1126 301 0
e 1128 291 1148 307 0
t 1154 291 1161 304 0
o 1154 291 1171 304 0
b 1177 291 1188 307 0
u 1179 291 1198 307 0
i 1189 291 1200 301 0
l 1201 291 1212 307 0
d 1214 291 1224 307 0
a 1231 291 1240 301 0
s 406 266 413 276 0
e 415 266 423 276 0
c 425 266 433 276 0
o 434 266 444 276 0
n 446 266 456 276 0
d 458 266 468 282 0
c 475 266 483 276 0
a 485 266 494 276 0
m 496 266 507 276 0
p 507 266 513 276 0
u 514 261 525 276 0
s 526 266 546 276 0
i 552 266 557 281 0
n 559 266 569 276 0
X 575 266 590 281 0
i 590 266 595 281 0
a 597 266 606 276 0
m 608 266 619 276 0
e 619 266 625 276 0
n 627 266 647 276 0
c 654 261 659 281 0
i 654 266 662 276 0
t 663 266 668 281 0
y 669 261 682 279 0
, 683 262 690 276 0
o 697 266 707 276 0
n 701 266 717 276 0
e 709 266 729 276 0
o 735 266 743 282 0
f 735 266 754 282 0
C 759 266 770 281 0
h 764 266 779 282 0
i 771 266 788 282 0
n 789 266 800 276 0
a 791 266 806 282 0
’ 802 266 811 276 0
s 813 266 825 282 0
f 831 266 839 282 0
o 832 266 847 282 0
u 839 266 860 276 0
r 862 266 869 276 0
e 875 266 884 276 0
a 878 266 893 282 0
r 886 266 895 276 0
l 897 266 904 276 0
i 905 266 910 282 0
e 911 266 926 281 0
s 928 266 935 276 0
t 936 266 942 279 0
s 949 266 956 276 0
p 957 261 968 276 0
e 969 266 978 276 0
c 972 261 987 282 0
i 980 266 994 281 0
a 996 266 1005 276 0
l 1006 266 1011 282 0
e 1018 266 1026 276 0
c 1028 266 1036 276 0
o 1038 266 1047 276 0
n 1049 266 1059 276 0
o 1060 266 1070 276 0
m 1071 266 1076 276 0
i 1077 266 1089 276 0
c 1090 266 1105 281 0
z 1111 262 1118 276 0
o 1111 266 1119 276 0
n 1120 266 1130 276 0
e 1131 266 1142 276 0
s 1143 266 1152 276 0
, 1153 262 1166 276 0
a 1174 266 1183 276 0
n 1175 266 1195 282 0
d 1185 266 1207 282 0
t 1213 266 1219 279 0
h 1220 266 1231 282 0
a 1233 266 1242 276 0
t 1243 266 1249 279 0
c 406 241 414 251 0
a 416 241 425 251 0
m 427 241 438 251 0
p 438 241 444 251 0
u 445 236 456 251 0
s 457 241 477 251 0
w 483 242 489 251 0
a 489 241 498 251 0
s 499 241 517 251 0
i 523 241 528 256 0
n 529 241 540 251 0
a 542 241 551 251 0
u 552 241 563 251 0
g 554 236 574 257 0
u 564 236 574 251 0
r 575 241 586 251 0
a 588 241 595 251 0
t 597 241 606 251 0
e 607 241 613 254 0
d 615 241 635 257 0
i 641 241 646 256 0
n 648 241 658 251 0
2 665 241 675 252 0
0 677 241 687 252 0
0 679 241 700 256 0
6 690 241 700 252 0
. 703 241 718 256 0
F 406 191 417 206 0
o 406 191 417 206 0
r 418 191 437 201 0
m 444 191 448 201 0
o 449 191 461 201 0
r 462 191 472 201 0
e 474 191 491 201 0
t 497 191 503 204 0
h 504 191 515 207 0
a 517 191 526 201 0
n 527 191 538 201 0
h 544 191 552 207 0
a 544 191 555 207 0
l 557 191 566 201 0
f 567 191 581 207 0
a 586 191 595 201 0
c 602 191 610 201 0
e 611 191 620 201 0
n 622 191 632 201 0
t 633 191 639 204 0
u 640 191 651 201 0
r 646 186 666 204 0
y 653 186 671 201 0
, 672 187 675 193 0
H 683 191 698 206 0
Q 700 187 714 206 0
U 716 191 730 206 0
h 736 191 746 207 0
a 736 191 747 207 0
s 749 191 767 201 0
d 774 186 784 207 0
e 774 191 784 207 0
v 786 191 794 201 0
e 795 191 805 201 0
l 805 191 814 201 0
o 815 191 831 207 0
p 822 186 842 207 0
e 832 186 843 201 0
d 845 191 865 207 0
i 871 191 876 206 0
n 878 191 888 201 0
t 889 191 895 204 0
o 897 191 906 201 0
a 913 191 922 201 0
c 929 191 937 201 0
o 938 191 948 201 0
m 950 191 961 201 0
p 961 191 967 201 0
r 968 186 979 201 0
e 981 191 988 201 0
h 990 191 998 201 0
e 999 191 1010 207 0
n 1012 191 1020 201 0
s 1021 191 1032 201 0
i 1034 191 1041 201 0
v 1042 191 1054 206 0
e 1055 191 1067 201 0
i 1073 191 1079 206 0
n 1073 191 1078 206 0
s 1079 191 1090 201 0
t 1091 191 1099 201 0
i 1100 191 1106 204 0
t 1107 191 1119 206 0
u 1120 191 1131 201 0
t 1122 191 1137 206 0
i 1132 191 1144 206 0
o 1145 191 1155 201 0
n 1156 191 1167 201 0
o 1174 191 1181 207 0
f 1174 191 1192 207 0
h 1196 191 1207 207 0
i 1208 191 1213 206 0
g 1214 186 1224 201 0
h 1225 191 1236 207 0
e 1237 191 1246 201 0
r 1248 191 1255 201 0
e 405 166 414 176 0
d 405 166 426 182 0
u 416 166 426 182 0
c 427 166 438 176 0
a 440 166 448 176 0
t 450 166 459 176 0
i 460 166 472 181 0
o 473 166 483 176 0
n 485 166 495 176 0
c 502 166 510 176 0
a 512 166 521 176 0
p 512 161 532 182 0
a 522 161 533 176 0
b 535 166 544 176 0
l 545 166 556 182 0
e 557 166 572 182 0
o 578 166 588 176 0
f 589 166 597 182 0
p 601 161 612 176 0
r 614 166 621 176 0
o 622 166 632 176 0
g 633 161 643 176 0
r 645 166 652 176 0
a 654 166 663 176 0
m 665 166 682 176 0
o 689 161 696 182 0
f 689 166 698 176 0
f 699 166 707 182 0
e 706 166 714 182 0
r 713 166 729 176 0
i 729 166 737 181 0
n 732 161 747 182 0
g 738 166 749 176 0
s 750 161 769 176 0
i 775 166 780 181 0
n 781 166 792 176 0
1 799 166 806 177 0
2 808 166 818 177 0
d 825 161 834 182 0
i 825 166 835 182 0
s 836 166 850 181 0
c 843 161 858 182 0
i 852 166 866 181 0
p 867 161 878 176 0
l 869 161 885 182 0
i 879 166 890 182 0
n 892 166 902 176 0
e 896 161 911 182 0
s 903 166 921 176 0
- 923 170 928 172 0
- 931 170 937 172 0
p 938 161 949 176 0
h 950 166 961 182 0
i 962 166 967 181 0
l 968 166 973 182 0
o 974 166 984 176 0
s 985 166 993 176 0
o 995 166 1004 176 0
p 1005 161 1016 176 0
h 1007 161 1027 182 0
y 1017 161 1036 182 0
, 1036 162 1043 176 0
e 1050 166 1059 176 0
c 1061 166 1069 176 0
o 1070 166 1080 176 0
n 1081 166 1092 176 0
o 1093 166 1103 176 0
m 1104 166 1116 176 0
i 1116 166 1122 176 0
c 1123 166 1128 181 0
s 1130 166 1138 176 0
, 1139 162 1152 176 0
l 1159 166 1164 182 0
a 1166 166 1175 176 0
w 1176 167 1182 176 0
, 1182 162 1195 176 0
e 405 141 414 151 0
d 405 137 426 157 0
u 416 141 426 157 0
c 427 141 438 151 0
a 440 141 448 151 0
t 450 141 459 151 0
i 460 141 466 154 0
o 467 141 472 156 0
n 474 141 483 151 0
, 484 137 500 151 0
l 507 141 512 157 0
i 513 141 518 156 0
t 519 141 525 154 0
e 526 141 535 151 0
r 537 141 544 151 0
a 546 141 555 151 0
t 556 141 562 154 0
u 563 141 574 151 0
r 565 137 580 157 0
e 576 141 583 151 0
, 584 137 598 151 0
h 605 141 616 157 0
i 617 141 622 156 0
s 624 141 631 151 0
t 632 141 638 154 0
o 639 141 649 151 0
r 651 141 656 151 0
y 656 136 666 151 0
, 666 137 673 151 0
s 681 141 688 151 0
c 690 141 698 151 0
i 699 141 704 156 0
e 706 141 714 151 0
n 715 141 726 151 0
c 728 141 736 151 0
e 729 137 745 156 0
, 737 137 751 151 0
e 759 141 767 151 0
n 768 141 779 151 0
g 773 136 788 156 0
i 780 136 796 156 0
n 797 141 808 151 0
e 809 141 818 151 0
e 811 136 827 156 0
r 819 141 828 151 0
i 830 141 843 156 0
n 844 141 855 151 0
g 845 136 865 156 0
, 856 136 871 151 0
a 879 141 888 151 0
g 889 136 899 151 0
r 891 136 907 157 0
i 901 141 914 156 0
c 916 141 924 151 0
u 925 141 936 151 0
l 927 136 943 157 0
t 937 141 949 157 0
u 950 141 961 151 0
r 963 141 970 151 0
e 972 141 980 151 0
, 982 137 985 143 0
m 993 141 1004 151 0
e 1004 141 1010 151 0
d 1012 141 1020 151 0
i 1022 141 1032 157 0
c 1033 141 1038 156 0
a 1040 141 1048 151 0
l 1050 141 1065 157 0
s 1072 141 1079 151 0
c 1081 141 1089 151 0
i 1090 141 1095 156 0
e 1096 141 1105 151 0
n 1106 141 1117 151 0
c 1119 141 1127 151 0
e 1128 141 1137 151 0
, 1139 137 1142 143 0
m 1150 141 1167 151 0
a 1169 141 1178 151 0
n 1180 141 1190 151 0
a 1192 141 1201 151 0
g 1202 136 1212 151 0
e 1214 141 1222 151 0
m 1224 141 1228 151 0
e 1229 141 1241 151 0
n 1242 141 1251 151 0
t 1253 141 1263 151 0
, 1264 137 1275 154 0
a 406 116 415 126 0
n 406 116 427 132 0
d 417 116 439 132 0
a 446 116 456 129 0
r 446 116 462 126 0
t 462 116 471 129 0
s 473 116 480 126 0
. 483 116 485 118 0
H 493 116 507 131 0
Q 510 112 524 131 0
U 526 116 540 131 0
h 546 116 555 132 0
a 546 116 557 132 0
s 559 116 577 126 0
a 584 116 593 126 0
c 600 116 608 126 0
o 609 116 619 126 0
m 620 116 632 126 0
p 631 116 638 126 0
a 639 111 650 126 0
r 652 116 661 126 0
a 663 116 670 126 0
t 672 116 681 126 0
i 682 116 688 129 0
v 689 116 701 131 0
e 702 116 714 126 0
s 721 116 728 126 0
t 729 116 735 129 0
r 737 116 744 126 0
e 746 116 754 126 0
n 756 116 766 126 0
g 757 111 777 132 0
t 767 111 784 129 0
h 785 116 796 132 0
i 802 116 807 131 0
n 809 116 819 126 0
C 825 116 837 131 0
h 838 116 849 132 0
i 850 116 855 131 0
n 857 116 867 126 0
e 868 116 877 126 0
s 870 116 886 132 0
e 879 116 896 126 0
l 902 116 907 132 0
a 909 116 918 126 0
n 919 116 930 126 0
g 931 111 941 126 0
u 942 116 953 126 0
a 943 111 963 132 0
g 955 116 964 126 0
e 965 111 985 126 0
a 992 116 1002 132 0
n 992 116 1001 126 0
d 1003 116 1025 132 0
c 1032 116 1040 132 0
u 1032 116 1040 126 0
l 1041 116 1052 126 0
t 1053 116 1058 132 0
u 1059 116 1065 129 0
r 1066 116 1077 126 0
e 1079 116 1096 126 0
e 1102 116 1111 126 0
d 1107 112 1123 132 0
u 1113 116 1123 132 0
c 1124 116 1135 126 0
a 1137 116 1145 126 0
t 1147 116 1156 126 0
i 1157 116 1169 131 0
o 1163 112 1178 132 0
n 1170 116 1180 126 0
, 1182 112 1197 126 0
s 1204 116 1212 126 0
c 1206 116 1222 131 0
i 1214 116 1228 131 0
e 1229 116 1238 126 0
n 1239 116 1250 126 0
c 1252 116 1260 126 0
e 1261 116 1270 126 0
a 406 91 415 101 0
n 406 91 427 107 0
d 416 91 439 107 0
e 445 91 454 101 0
n 445 86 465 106 0
g 456 91 466 101 0
i 467 86 477 101 0
n 478 91 483 106 0
e 484 91 495 101 0
e 497 91 505 101 0
r 507 91 522 101 0
i 522 91 530 106 0
n 532 91 542 101 0
g 543 86 553 101 0
p 559 86 570 101 0
r 572 91 577 101 0
o 577 91 590 101 0
g 591 86 601 101 0
r 603 91 610 101 0
a 612 91 621 101 0
m 623 91 627 101 0
s 628 91 640 101 0
, 642 87 654 101 0
s 661 91 669 101 0
u 670 91 681 101 0
c 672 91 692 107 0
h 683 91 703 107 0
a 710 91 719 101 0
s 720 91 728 101 0
M 734 91 744 106 0
e 745 91 752 106 0
c 753 91 762 101 0
h 764 91 772 101 0
a 773 91 784 107 0
n 786 91 795 101 0
i 797 91 807 101 0
c 808 91 813 106 0
a 815 91 823 101 0
l 825 91 840 107 0
E 847 91 859 106 0
n 849 86 869 106 0
g 860 91 871 101 0
i 872 86 882 101 0
n 883 91 888 106 0
e 890 91 900 101 0
e 901 91 910 101 0
r 911 91 920 101 0
i 922 91 929 101 0
n 930 91 935 106 0
g 936 91 947 101 0
, 948 86 963 101 0
C 971 91 982 106 0
i 983 91 988 106 0
v 989 91 996 101 0
i 995 91 1004 106 0
l 1005 91 1010 107 0
E 1017 91 1029 106 0
n 1030 91 1041 101 0
g 1032 86 1053 106 0
i 1042 86 1058 106 0
n 1060 91 1070 101 0
e 1071 91 1080 101 0
e 1073 86 1089 106 0
r 1081 91 1090 101 0
i 1092 91 1105 106 0
n 1098 86 1118 106 0
g 1107 91 1117 101 0
, 1118 86 1133 101 0
A 1139 91 1154 106 0
r 1155 91 1160 101 0
c 1160 98 1162 101 0
h 1164 91 1172 101 0
i 1173 91 1184 107 0
t 1185 91 1190 106 0
e 1191 91 1197 104 0
c 1199 91 1207 101 0
t 1209 91 1217 101 0
u 1218 91 1224 104 0
r 1225 91 1236 101 0
e 1238 91 1245 101 0
, 1246 87 1260 101 0
M 405 66 415 81 0
a 416 66 423 81 0
t 425 66 434 76 0
e 435 66 441 79 0
r 442 66 451 76 0
i 453 66 460 76 0
a 461 66 466 81 0
l 468 66 483 82 0
S 490 66 500 81 0
c 502 66 510 76 0
i 511 66 516 81 0
e 518 66 526 76 0
n 527 66 538 76 0
c 540 66 548 76 0
e 549 66 558 76 0
a 565 66 574 76 0
n 576 66 586 76 0
d 588 66 598 82 0
P 605 66 616 81 0
h 617 66 628 82 0
a 630 66 639 76 0
r 641 66 646 76 0
m 646 66 654 76 0
a 655 66 667 76 0
c 669 66 678 76 0
y 680 66 688 76 0
. 689 61 703 76 0
O 711 62 723 82 0
v 711 66 725 81 0
e 726 66 736 76 0
r 737 66 745 76 0
a 747 66 754 76 0
l 756 66 765 76 0
l 766 66 771 82 0
, 772 62 782 82 0
t 789 66 795 79 0
h 796 66 807 82 0
e 809 66 817 76 0
2 824 66 833 77 0
9 836 62 845 77 0
c 853 66 861 76 0
o 855 61 870 82 0
l 863 66 872 76 0
l 873 66 884 82 0
e 886 66 894 76 0
g 895 61 905 76 0
e 898 61 914 82 0
s 907 66 924 76 0
a 931 66 940 76 0
n 935 66 950 82 0
d 941 66 964 82 0
9 971 62 980 77 0
0 983 66 993 77 0
r 1001 66 1008 82 0
e 1001 66 1008 76 0
s 1009 66 1018 76 0
e 1020 66 1027 76 0
a 1029 66 1037 76 0
r 1039 66 1048 76 0
c 1050 66 1057 76 0
h 1059 66 1079 82 0
i 1085 66 1090 81 0
n 1085 66 1100 81 0
s 1092 66 1102 76 0
t 1104 66 1111 76 0
i 1112 66 1124 81 0
t 1125 66 1131 79 0
u 1132 66 1143 76 0
t 1144 66 1150 79 0
e 1151 66 1160 76 0
s 1162 66 1169 76 0
h 1175 66 1186 82 0
a 1188 66 1197 76 0
v 1198 66 1204 76 0
e 1204 66 1217 76 0
b 1223 66 1234 82 0
e 1235 66 1244 76 0
e 1246 66 1254 76 0
n 1255 66 1266 76 0
s 406 41 413 51 0
u 414 41 425 51 0
p 416 36 436 56 0
p 426 36 437 51 0
o 438 36 449 51 0
r 451 41 460 51 0
t 462 41 469 51 0
i 470 41 482 56 0
n 483 41 494 51 0
g 495 36 505 51 0
n 512 41 522 51 0
u 523 41 534 51 0
m 536 41 540 51 0
e 541 41 553 51 0
r 555 41 563 51 0
o 565 41 572 51 0
u 574 41 583 51 0
s 584 41 604 51 0
p 610 36 618 56 0
r 610 36 621 51 0
o 623 41 630 51 0
j 632 36 643 51 0
e 642 37 646 56 0
c 649 41 657 51 0
t 659 41 667 51 0
s 668 41 683 54 0
f 689 41 697 57 0
u 696 41 707 51 0
n 708 41 719 51 0
d 711 41 731 57 0
e 721 41 731 57 0
d 732 41 753 57 0
b 759 41 770 57 0
y 771 36 781 51 0
b 786 41 797 57 0
o 799 41 808 51 0
t 809 41 815 54 0
h 816 41 827 57 0
g 833 36 843 51 0
o 844 41 854 51 0
v 854 41 862 51 0
e 862 41 874 51 0
r 876 41 883 51 0
n 885 41 895 51 0
m 897 41 908 51 0
e 908 41 914 51 0
n 915 41 924 51 0
t 926 41 943 54 0
a 950 41 956 57 0
n 950 41 959 51 0
d 960 41 983 57 0
i 989 37 997 57 0
n 989 41 994 56 0
d 996 41 1006 51 0
u 1008 41 1018 57 0
s 1019 41 1030 51 0
t 1032 41 1039 51 0
r 1040 41 1046 54 0
i 1048 41 1055 51 0
e 1056 41 1061 56 0
s 1063 41 1071 51 0
, 1073 37 1085 51 0
o 1092 41 1102 51 0
n 1095 41 1111 51 0
e 1104 41 1124 51 0
o 1131 41 1140 57 0
f 1131 41 1149 57 0
w 1153 42 1159 51 0
h 1159 41 1168 51 0
i 1168 41 1179 57 0
c 1180 41 1185 56 0
h 1187 41 1207 57 0
l 1213 41 1218 57 0
e 1220 41 1228 51 0
d 1230 41 1240 57 0
t 1246 41 1252 54 0
o 1253 41 1263 51 0
t 405 16 414 32 0
h 405 16 423 32 0
e 425 16 433 26 0
a 440 16 449 26 0
w 450 16 456 26 0
a 456 16 465 26 0
r 466 16 475 26 0
d 477 16 496 32 0
o 502 16 510 32 0
f 502 16 521 32 0
t 525 16 531 29 0
h 532 16 543 32 0
e 545 16 553 26 0
N 559 16 574 31 0
a 562 16 583 32 0
t 576 16 585 26 0
i 586 16 598 31 0
o 600 16 609 26 0
n 610 16 621 26 0
a 611 16 631 32 0
l 623 16 638 32 0
S 645 16 655 31 0
c 657 16 665 26 0
i 666 16 671 31 0
e 672 16 681 26 0
n 682 16 693 26 0
c 695 16 703 26 0
e 704 16 713 26 0
a 720 16 729 26 0
n 731 16 741 26 0
d 743 16 753 32 0
T 759 16 771 31 0
e 773 16 781 26 0
c 783 16 791 26 0
h 792 16 803 32 0
n 804 16 815 26 0
o 807 11 827 32 0
l 816 16 832 32 0
o 834 16 843 26 0
g 844 11 854 26 0
y 855 11 865 26 0
D 871 16 885 31 0
e 886 16 895 26 0
v 896 16 902 26 0
e 903 16 915 26 0
l 916 16 921 32 0
o 922 16 932 26 0
p 933 11 944 26 0
m 946 16 950 26 0
e 951 16 963 26 0
n 964 16 973 26 0
t 975 16 992 29 0
b 998 11 1003 32 0
y 998 11 1020 32 0
t 1025 16 1032 32 0
h 1025 16 1031 29 0
e 1032 16 1053 32 0
c 1060 16 1068 32 0
e 1060 16 1068 26 0
n 1069 16 1078 26 0
t 1080 16 1090 26 0
r 1091 16 1097 29 0
a 1099 16 1106 26 0
l 1108 16 1123 32 0
g 1129 11 1139 26 0
o 1141 16 1150 26 0
v 1151 16 1161 26 0
e 1162 16 1170 26 0
r 1172 16 1179 26 0
n 1181 16 1191 26 0
m 1193 16 1197 26 0
e 1198 16 1210 26 0
n 1211 16 1220 26 0
t 1222 16 1232 26 0
. 1233 16 1244 29 0
