level	page_num	block_num	par_num	line_num	word_num	left	top	width	height	conf	text
1	1	0	0	0	0	0	0	1280	720	-1	
2	1	1	0	0	0	298	30	61	17	-1	
3	1	1	1	0	0	298	30	61	17	-1	
4	1	1	1	1	0	298	30	61	17	-1	
5	1	1	1	1	1	298	30	61	17	96	Helen
2	1	2	0	0	0	288	65	342	57	-1	
3	1	2	1	0	0	297	65	333	57	-1	
4	1	2	1	1	0	297	65	333	13	-1	
5	1	2	1	1	1	297	65	35	10	43	Hello!
5	1	2	1	1	2	338	65	16	13	96	My
5	1	2	1	1	3	360	65	44	13	93	English
5	1	2	1	1	4	410	68	34	7	96	name
5	1	2	1	1	5	450	65	8	10	96	is
5	1	2	1	1	6	463	65	25	13	91	Joy.
5	1	2	1	1	7	494	65	17	10	42	'm
5	1	2	1	1	8	517	65	12	10	91	14
5	1	2	1	1	9	534	68	33	10	96	years
5	1	2	1	1	10	572	65	23	10	93	old.
5	1	2	1	1	11	601	65	29	10	36	'ma
4	1	2	1	2	0	288	78	321	29	-1	
5	1	2	1	2	1	288	78	46	29	96	happy
5	1	2	1	2	2	495	87	13	13	85	ly.
5	1	2	1	2	3	514	87	16	13	80	My
5	1	2	1	2	4	536	87	48	10	96	hobbies
5	1	2	1	2	5	590	90	19	7	96	are
4	1	2	1	3	0	297	109	329	13	-1	
5	1	2	1	3	1	297	109	52	13	95	listening
5	1	2	1	3	2	354	111	11	8	96	to
5	1	2	1	3	3	371	109	35	10	96	music
5	1	2	1	3	4	412	109	22	10	95	and
5	1	2	1	3	5	440	109	51	13	90	reading.
5	1	2	1	3	6	497	109	2	10	93	|
5	1	2	1	3	7	505	109	21	10	95	like
5	1	2	1	3	8	532	112	22	10	96	pop
5	1	2	1	3	9	560	109	35	10	96	music
5	1	2	1	3	10	600	112	26	10	95	very
2	1	3	0	0	0	827	30	55	17	-1	
3	1	3	1	0	0	827	30	55	17	-1	
4	1	3	1	1	0	827	30	55	17	-1	
5	1	3	1	1	1	827	30	55	17	96	John
2	1	4	0	0	0	827	65	314	79	-1	
3	1	4	1	0	0	827	65	314	79	-1	
4	1	4	1	1	0	828	65	294	13	-1	
5	1	4	1	1	1	828	65	26	10	26	Tam
5	1	4	1	1	2	860	68	6	7	92	a
5	1	4	1	1	3	872	65	25	13	95	boy.
5	1	4	1	1	4	903	65	16	13	81	My
5	1	4	1	1	5	925	68	34	7	96	name
5	1	4	1	1	6	965	65	8	10	95	is
5	1	4	1	1	7	978	65	34	10	77	John.
5	1	4	1	1	8	1018	65	2	10	68	|
5	1	4	1	1	9	1026	68	18	7	68	am
5	1	4	1	1	10	1050	68	6	7	95	a
5	1	4	1	1	11	1061	65	46	10	73	student
5	1	4	1	1	12	1112	65	10	10	73	in
4	1	4	1	2	0	829	87	290	13	-1	
5	1	4	1	2	1	829	87	45	10	91	SuZhou
5	1	4	1	2	2	880	87	64	13	94	University.
5	1	4	1	2	3	950	87	2	10	60	|
5	1	4	1	2	4	972	90	7	7	60	like
5	1	4	1	2	5	985	87	25	13	96	play
5	1	4	1	2	6	1015	87	31	10	95	table
5	1	4	1	2	7	1051	87	37	10	87	tennis
5	1	4	1	2	8	1093	90	26	10	87	very
4	1	4	1	3	0	828	109	313	13	-1	
5	1	4	1	3	1	828	109	37	12	96	much,
5	1	4	1	3	2	871	109	22	10	96	and
5	1	4	1	3	3	894	100	5	29	88	|
5	1	4	1	3	4	907	109	21	10	96	like
5	1	4	1	3	5	933	112	64	10	93	swimming
5	1	4	1	3	6	1002	110	23	9	89	too.
5	1	4	1	3	7	1031	109	2	10	60	I
5	1	4	1	3	8	1038	112	15	10	93	go
5	1	4	1	3	9	1058	110	11	9	95	to
5	1	4	1	3	10	1074	109	40	10	92	school
5	1	4	1	3	11	1119	109	22	10	95	five
4	1	4	1	4	0	827	131	227	13	-1	
5	1	4	1	4	1	827	131	28	13	96	days
5	1	4	1	4	2	860	134	34	10	96	every
5	1	4	1	4	3	899	131	37	12	95	week,
5	1	4	1	4	4	942	133	20	8	74	itis
5	1	4	1	4	5	968	134	6	7	71	@
5	1	4	1	4	6	980	131	25	10	89	nice
5	1	4	1	4	7	1010	131	44	10	90	school.
2	1	5	0	0	0	479	90	14	7	-1	
3	1	5	1	0	0	479	90	14	7	-1	
4	1	5	1	1	0	479	90	14	7	-1	
5	1	5	1	1	1	479	90	14	7	95	 
2	1	6	0	0	0	352	87	125	13	-1	
3	1	6	1	0	0	352	87	125	13	-1	
4	1	6	1	1	0	352	87	125	13	-1	
5	1	6	1	1	1	352	87	11	10	44	1,
5	1	6	1	1	2	369	87	2	10	52	|
5	1	6	1	1	3	377	87	29	10	52	have
5	1	6	1	1	4	412	90	6	7	73	a
5	1	6	1	1	5	424	87	37	13	95	happy
5	1	6	1	1	6	466	87	11	10	66	fai
2	1	7	0	0	0	339	31	458	108	-1	
3	1	7	1	0	0	339	31	458	108	-1	
4	1	7	1	1	0	339	31	458	108	-1	
5	1	7	1	1	1	339	90	11	10	95	 
5	1	7	1	1	2	647	31	150	108	95	 
2	1	8	0	0	0	297	131	37	10	-1	
3	1	8	1	0	0	297	131	37	10	-1	
4	1	8	1	1	0	297	131	37	10	-1	
5	1	8	1	1	1	297	131	37	10	84	much.
2	1	9	0	0	0	116	45	150	129	-1	
3	1	9	1	0	0	116	45	150	129	-1	
4	1	9	1	1	0	116	45	150	129	-1	
5	1	9	1	1	1	116	45	150	129	95	 
2	1	10	0	0	0	404	272	51	22	-1	
3	1	10	1	0	0	404	272	51	22	-1	
4	1	10	1	1	0	404	272	51	22	-1	
5	1	10	1	1	1	404	272	51	22	95	Lucy
2	1	11	0	0	0	120	307	333	35	-1	
3	1	11	1	0	0	120	307	333	35	-1	
4	1	11	1	1	0	120	307	333	13	-1	
5	1	11	1	1	1	120	307	17	10	29	Im
5	1	11	1	1	2	143	310	6	7	95	a
5	1	11	1	1	3	154	307	46	10	95	student
5	1	11	1	1	4	205	308	11	9	93	at
5	1	11	1	1	5	221	307	53	11	60	HuaQiao
5	1	11	1	1	6	280	307	64	13	95	University.
5	1	11	1	1	7	350	307	2	10	75	It
5	1	11	1	1	8	365	310	5	7	83	is
5	1	11	1	1	9	375	310	26	10	83	very
5	1	11	1	1	10	407	307	18	13	89	big
5	1	11	1	1	11	431	307	22	10	89	and
4	1	11	1	2	0	120	329	252	13	-1	
5	1	11	1	2	1	120	329	58	10	75	beautiful.
5	1	11	1	2	2	184	329	2	10	93	|
5	1	11	1	2	3	192	329	29	10	95	have
5	1	11	1	2	4	227	332	33	10	96	many
5	1	11	1	2	5	265	329	46	10	94	friends.
5	1	11	1	2	6	316	329	16	10	96	All
5	1	11	1	2	7	338	332	17	10	96	my
5	1	11	1	2	8	360	329	4	10	95	fri
2	1	12	0	0	0	948	272	38	22	-1	
3	1	12	1	0	0	948	272	38	22	-1	
4	1	12	1	1	0	948	272	38	22	-1	
5	1	12	1	1	1	948	272	38	22	95	Joy
2	1	13	0	0	0	382	307	568	32	-1	
3	1	13	1	0	0	382	307	568	32	-1	
4	1	13	1	1	0	651	307	299	13	-1	
5	1	13	1	1	1	651	307	17	10	67	I'm
5	1	13	1	1	2	674	310	6	7	82	a
5	1	13	1	1	3	685	307	13	10	85	25
5	1	13	1	1	4	703	310	33	10	85	years
5	1	13	1	1	5	741	307	19	10	85	old
5	1	13	1	1	6	766	307	25	13	92	boy.
5	1	13	1	1	7	799	298	8	29	31	'm
5	1	13	1	1	8	820	310	14	7	96	an
5	1	13	1	1	9	840	307	40	12	96	active,
5	1	13	1	1	10	886	307	36	13	91	lovely
5	1	13	1	1	11	928	307	22	10	91	and
4	1	13	1	2	0	382	329	45	10	-1	
5	1	13	1	2	1	382	329	20	10	89	nds
5	1	13	1	2	2	408	332	19	7	90	are
2	1	14	0	0	0	373	332	7	7	-1	
3	1	14	1	0	0	373	332	7	7	-1	
4	1	14	1	1	0	373	332	7	7	-1	
5	1	14	1	1	1	373	332	7	7	95	 
2	1	15	0	0	0	120	329	851	35	-1	
3	1	15	1	0	0	120	329	851	35	-1	
4	1	15	1	1	0	650	329	321	13	-1	
5	1	15	1	1	1	650	329	39	10	95	clever
5	1	15	1	1	2	694	329	25	13	92	boy.
5	1	15	1	1	3	720	320	6	29	76	|
5	1	15	1	1	4	733	329	21	10	96	live
5	1	15	1	1	5	760	329	10	10	96	in
5	1	15	1	1	6	775	329	19	10	96	the
5	1	15	1	1	7	800	329	54	10	93	beautiful
5	1	15	1	1	8	859	329	21	13	94	city
5	1	15	1	1	9	885	329	12	10	93	of
5	1	15	1	1	10	902	329	46	10	73	Rizhao.
5	1	15	1	1	11	954	329	17	10	48	I'm
4	1	15	1	2	0	120	351	303	13	-1	
5	1	15	1	2	1	120	351	34	13	96	polite
5	1	15	1	2	2	160	351	22	10	96	and
5	1	15	1	2	3	188	351	46	13	86	helpful.
5	1	15	1	2	4	240	351	16	13	92	My
5	1	15	1	2	5	261	351	42	10	96	friends
5	1	15	1	2	6	309	354	19	7	94	are
5	1	15	1	2	7	334	351	14	10	88	alll
5	1	15	1	2	8	354	354	25	7	93	nice
5	1	15	1	2	9	384	352	11	9	95	to
5	1	15	1	2	10	401	354	22	7	96	me.
2	1	16	0	0	0	119	373	167	13	-1	
3	1	16	1	0	0	119	373	167	13	-1	
4	1	16	1	1	0	119	373	167	13	-1	
5	1	16	1	1	1	119	373	30	13	93	They
5	1	16	1	1	2	154	376	22	7	96	can
5	1	16	1	1	3	182	373	33	10	96	make
5	1	16	1	1	4	221	376	18	7	96	me
5	1	16	1	1	5	245	373	41	13	96	happy.
2	1	17	0	0	0	651	351	283	13	-1	
3	1	17	1	0	0	651	351	283	13	-1	
4	1	17	1	1	0	651	351	283	13	-1	
5	1	17	1	1	1	651	351	82	10	84	kind-hearted.
5	1	17	1	1	2	739	351	2	10	88	|
5	1	17	1	1	3	747	351	30	13	88	hope
5	1	17	1	1	4	782	354	18	7	96	we
5	1	17	1	1	5	805	354	22	7	96	can
5	1	17	1	1	6	833	351	14	10	96	be
5	1	17	1	1	7	852	351	31	13	88	good
5	1	17	1	1	8	888	351	46	10	95	friends!
2	1	18	0	0	0	470	266	682	152	-1	
3	1	18	1	0	0	470	266	682	152	-1	
4	1	18	1	1	0	470	266	682	152	-1	
5	1	18	1	1	1	470	268	62	148	95	 
5	1	18	1	1	2	1000	266	152	152	95	 
2	1	19	0	0	0	296	501	587	30	-1	
3	1	19	1	0	0	296	501	587	30	-1	
4	1	19	1	1	0	296	501	587	30	-1	
5	1	19	1	1	1	296	501	67	30	96	Jenny
5	1	19	1	1	2	827	505	56	17	91	ALex
2	1	20	0	0	0	296	540	846	57	-1	
3	1	20	1	0	0	296	540	846	57	-1	
4	1	20	1	1	0	297	540	845	13	-1	
5	1	20	1	1	1	297	540	35	12	96	Hello,
5	1	20	1	1	2	337	540	69	13	95	everybody!
5	1	20	1	1	3	412	540	16	13	95	My
5	1	20	1	1	4	434	540	44	13	96	English
5	1	20	1	1	5	484	543	34	7	96	name
5	1	20	1	1	6	524	540	8	10	80	is
5	1	20	1	1	7	537	540	41	13	80	Jenny.
5	1	20	1	1	8	584	540	2	10	53	|
5	1	20	1	1	9	592	543	18	7	53	am
5	1	20	1	1	10	828	540	26	10	33	Tam
5	1	20	1	1	11	860	543	14	7	91	an
5	1	20	1	1	12	880	540	41	10	96	honest
5	1	20	1	1	13	926	540	25	13	94	boy.
5	1	20	1	1	14	957	540	2	10	81	|
5	1	20	1	1	15	965	540	21	10	81	like
5	1	20	1	1	16	992	540	45	13	96	playing
5	1	20	1	1	17	1043	540	67	12	96	basketball,
5	1	20	1	1	18	1116	540	26	10	74	but
5	1	20	1	1	19	1135	531	11	29	74	|
4	1	20	1	2	0	296	562	827	13	-1	
5	1	20	1	2	1	296	562	28	10	93	from
5	1	20	1	2	2	330	562	29	10	92	USA.
5	1	20	1	2	3	365	562	2	10	59	|
5	1	20	1	2	4	373	565	18	7	59	am
5	1	20	1	2	5	396	562	13	10	96	20
5	1	20	1	2	6	414	565	33	10	96	years
5	1	20	1	2	7	452	562	23	10	82	old.
5	1	20	1	2	8	481	562	2	10	63	|
5	1	20	1	2	9	489	565	18	7	63	am
5	1	20	1	2	10	513	565	6	7	92	a
5	1	20	1	2	11	519	553	38	29	92	clever
5	1	20	1	2	12	562	562	29	13	70	girl.
5	1	20	1	2	13	597	562	2	10	77	|
5	1	20	1	2	14	827	562	30	10	84	can't
5	1	20	1	2	15	862	562	45	13	94	playing
5	1	20	1	2	16	912	562	30	10	91	well.
5	1	20	1	2	17	947	562	24	10	96	And
5	1	20	1	2	18	972	553	6	29	82	|
5	1	20	1	2	19	985	562	21	10	96	like
5	1	20	1	2	20	1012	562	33	10	96	make
5	1	20	1	2	21	1050	562	42	10	96	friends
5	1	20	1	2	22	1097	562	26	10	96	with
4	1	20	1	3	0	827	584	297	13	-1	
5	1	20	1	3	1	827	584	42	12	89	others,
5	1	20	1	3	2	875	584	22	10	87	and
5	1	20	1	3	3	903	584	2	10	68	|
5	1	20	1	3	4	910	584	31	10	96	think
5	1	20	1	3	5	946	584	2	10	45	I
5	1	20	1	3	6	953	587	22	7	86	can
5	1	20	1	3	7	980	585	20	12	93	get
5	1	20	1	3	8	1005	584	34	13	95	along
5	1	20	1	3	9	1044	584	26	10	85	well
5	1	20	1	3	10	1075	584	26	10	95	with
5	1	20	1	3	11	1107	587	17	10	96	my
2	1	21	0	0	0	827	606	72	10	-1	
3	1	21	1	0	0	827	606	72	10	-1	
4	1	21	1	1	0	827	606	72	10	-1	
5	1	21	1	1	1	827	606	72	10	86	classmates.
2	1	22	0	0	0	296	584	329	57	-1	
3	1	22	1	0	0	296	584	329	57	-1	
4	1	22	1	1	0	297	584	326	13	-1	
5	1	22	1	1	1	297	584	29	10	86	have
5	1	22	1	1	2	332	584	26	13	92	long
5	1	22	1	1	3	364	584	38	10	92	brown
5	1	22	1	1	4	408	584	27	12	86	hair,
5	1	22	1	1	5	441	584	18	13	96	big
5	1	22	1	1	6	465	584	26	10	96	blue
5	1	22	1	1	7	496	587	32	10	96	eyes,
5	1	22	1	1	8	534	584	18	13	96	big
5	1	22	1	1	9	557	587	26	7	96	ears
5	1	22	1	1	10	589	584	22	10	95	and
5	1	22	1	1	11	617	587	6	7	93	a
4	1	22	1	2	0	296	606	329	13	-1	
5	1	22	1	2	1	296	606	33	10	94	small
5	1	22	1	2	2	335	606	42	10	95	mouth.
5	1	22	1	2	3	383	606	2	10	76	|
5	1	22	1	2	4	391	609	18	7	76	am
5	1	22	1	2	5	415	607	19	9	96	not
5	1	22	1	2	6	438	609	26	10	96	very
5	1	22	1	2	7	469	606	19	10	96	tall
5	1	22	1	2	8	494	606	22	10	96	and
5	1	22	1	2	9	522	607	19	9	94	not
5	1	22	1	2	10	545	609	26	10	94	very
5	1	22	1	2	11	576	606	27	10	88	thin.
5	1	22	1	2	12	609	606	16	13	92	My
4	1	22	1	3	0	297	628	149	13	-1	
5	1	22	1	3	1	297	628	45	13	88	hobby
5	1	22	1	3	2	331	619	18	29	96	is
5	1	22	1	3	3	354	628	47	13	91	reading
5	1	22	1	3	4	407	628	39	10	90	books.
2	1	23	0	0	0	0	0	1280	720	-1	
3	1	23	1	0	0	0	0	1280	720	-1	
4	1	23	1	1	0	0	0	1280	720	-1	
5	1	23	1	1	1	0	0	1280	720	95	    
