~ 15 477 21 493 0
= 21 478 33 480 0
D 56 476 74 497 0
a 56 476 76 497 0
t 77 476 91 490 0
a 91 476 115 494 0
c 123 476 136 490 0
o 136 476 150 490 0
m 152 476 176 490 0
p 161 470 185 498 0
r 177 470 192 490 0
e 194 476 205 490 0
s 206 476 218 490 0
s 220 476 231 490 0
i 232 476 243 490 0
o 244 476 267 498 0
n 268 476 284 490 0
S 772 480 784 492 0
q 781 476 792 488 0
6 798 479 804 489 0
0 798 479 813 489 0
l 818 479 820 489 0
a 822 479 828 487 0
n 830 479 837 487 0
g 838 476 845 487 0
u 840 476 852 489 0
a 847 479 854 487 0
g 855 479 862 487 0
e 863 476 870 487 0
s 871 479 886 487 0
¥ 894 482 904 488 0
~ 13 466 906 467 0
A 13 437 21 447 0
r 13 437 32 447 0
t 20 437 30 447 0
i 25 437 35 447 0
c 33 437 39 444 0
l 40 437 41 447 0
e 42 437 49 444 0
T 66 437 72 447 0
a 66 437 73 447 0
l 73 437 78 444 0
k 80 437 88 447 0
R 752 437 760 447 0
e 752 437 767 447 0
a 768 437 774 444 0
d 775 437 781 447 0
E 799 437 804 447 0
d 799 437 806 447 0
i 807 437 813 447 0
t 815 437 820 446 0
V 829 428 844 456 0
i 837 437 847 447 0
e 848 437 854 444 0
w 855 437 860 444 0
h 862 428 872 456 0
i 869 437 874 447 0
s 876 437 877 444 0
t 878 437 884 444 0
o 885 437 888 446 0
r 889 437 895 444 0
y 896 434 905 444 0
~ 13 426 49 427 0
F 14 405 20 415 0
r 14 405 21 415 0
o 21 405 32 412 0
m 33 405 43 412 0
W 47 402 52 415 0
i 47 405 61 415 0
k 55 402 66 415 0
i 60 402 71 415 0
p 65 402 76 415 0
e 71 402 77 412 0
d 77 402 88 415 0
i 78 405 92 415 0
a 93 405 94 412 0
, 95 403 105 412 0
t 109 405 114 415 0
h 109 405 119 415 0
e 120 405 127 412 0
f 130 405 135 415 0
r 130 405 141 415 0
e 135 405 145 412 0
e 146 405 152 412 0
e 156 405 163 412 0
n 157 402 168 415 0
c 164 405 170 412 0
y 171 402 183 412 0
c 176 402 187 415 0
l 183 405 192 415 0
o 193 405 199 412 0
p 196 402 206 415 0
e 200 402 206 412 0
d 207 405 213 412 0
i 214 405 220 415 0
a 221 405 230 415 0
" 37 372 41 376 0
S 37 366 48 376 0
o 41 366 50 376 0
u 50 366 66 374 0
r 59 366 70 376 0
c 64 366 75 376 0
e 66 366 85 374 0
c 89 363 94 376 0
o 89 366 103 374 0
d 95 363 111 376 0
i 104 366 112 376 0
n 112 366 115 374 0
g 115 363 130 374 0
" 131 372 136 376 0
r 139 366 145 376 0
e 139 366 151 374 0
d 146 366 157 376 0
i 152 366 162 376 0
r 158 366 169 376 0
e 163 366 174 376 0
c 162 366 186 376 0
t 175 366 186 376 0
s 186 366 193 374 0
h 197 366 205 376 0
e 197 366 212 376 0
r 207 366 217 376 0
e 212 366 224 374 0
. 219 366 224 376 0
F 232 366 239 376 0
o 236 366 246 376 0
r 232 366 254 376 0
t 258 366 263 376 0
h 258 366 268 376 0
e 269 366 277 374 0
t 281 366 285 376 0
e 285 366 292 374 0
r 286 366 297 376 0
m 292 366 308 374 0
i 313 366 316 374 0
n 316 366 323 374 0
c 327 366 342 374 0
o 332 356 343 385 0
m 342 366 353 374 0
p 344 356 360 385 0
u 353 363 361 374 0
t 362 366 369 374 0
e 370 366 381 376 0
r 373 356 384 385 0
p 385 366 387 374 0
r 389 363 397 374 0
o 397 363 418 374 0
g 405 356 420 385 0
r 412 356 427 385 0
a 418 366 430 374 0
m 430 366 441 374 0
m 434 356 449 385 0
i 442 366 453 374 0
n 453 366 456 374 0
g 457 363 472 374 0
, 472 363 474 367 0
s 480 366 488 374 0
e 480 366 494 374 0
e 495 366 502 374 0
S 507 366 516 376 0
o 516 366 523 374 0
u 518 366 529 376 0
r 524 366 531 374 0
c 528 366 543 376 0
e 532 366 550 374 0
c 555 366 560 376 0
o 555 366 569 374 0
d 562 366 577 376 0
e 570 366 578 376 0
. 578 366 585 374 0
I 14 337 16 347 0
n 18 337 24 345 0
i 30 337 31 345 0
n 33 337 39 345 0
f 35 337 44 347 0
o 40 337 51 347 0
r 45 337 58 347 0
m 52 337 56 345 0
a 57 337 67 345 0
t 68 337 75 345 0
i 76 337 79 347 0
o 80 337 82 345 0
n 83 337 97 345 0
t 102 334 108 347 0
h 102 337 113 347 0
e 107 334 121 347 0
o 114 337 121 345 0
r 122 337 129 345 0
y 126 334 140 347 0
, 130 334 142 345 0
d 148 337 155 347 0
a 156 337 163 345 0
t 157 337 171 347 0
a 164 337 176 347 0
c 180 337 196 345 0
o 187 334 200 347 0
m 197 337 208 345 0
p 201 334 215 347 0
r 210 334 217 345 0
e 218 337 230 345 0
s 222 334 235 347 0
s 231 337 238 345 0
i 239 337 246 345 0
o 247 337 258 347 0
n 251 334 265 347 0
, 260 335 270 345 0
s 275 337 282 345 0
o 283 337 291 345 0
u 285 337 298 345 0
r 292 337 299 345 0
c 299 337 313 345 0
e 301 337 321 345 0
c 325 337 332 345 0
o 326 334 340 351 0
d 333 337 349 347 0
i 341 334 354 351 0
n 351 337 353 345 0
g 354 337 361 345 0
. 362 334 370 345 0
" 372 335 387 351 0
o 391 337 396 345 0
r 391 337 404 345 0
b 408 337 415 347 0
i 408 337 416 347 0
t 417 337 419 345 0
- 420 337 425 347 0
r 425 340 429 342 0
a 430 337 444 347 0
t 430 337 455 347 0
e 443 337 455 347 0
r 459 337 469 347 0
e 459 337 480 347 0
d 468 337 481 347 0
u 474 337 488 347 0
c 481 337 488 345 0
t 489 337 497 345 0
i 497 337 505 347 0
o 499 337 513 347 0
n 506 337 522 345 0
i 527 337 531 345 0
s 527 337 536 345 0
t 540 337 544 347 0
h 545 337 551 347 0
e 552 337 559 345 0
p 564 334 571 345 0
r 566 334 579 345 0
o 572 337 583 345 0
c 578 334 592 345 0
e 584 337 598 345 0
s 591 334 604 345 0
s 599 337 613 345 0
o 610 330 623 355 0
f 617 337 629 347 0
e 632 337 639 345 0
n 635 334 648 347 0
c 641 337 647 345 0
o 648 337 662 345 0
d 653 334 667 347 0
i 663 337 670 347 0
n 671 337 673 345 0
g 674 334 688 345 0
i 694 337 698 347 0
n 694 337 695 345 0
f 697 337 703 345 0
o 704 337 715 347 0
r 710 337 723 347 0
m 717 337 731 345 0
a 722 337 735 347 0
t 733 337 739 345 0
i 740 337 743 347 0
o 745 337 746 345 0
n 747 337 761 345 0
u 767 334 773 345 0
s 767 337 773 345 0
i 774 337 781 345 0
n 782 337 783 345 0
g 785 334 799 345 0
f 803 337 810 347 0
e 803 337 817 347 0
w 803 337 832 347 0
e 816 337 829 347 0
r 834 337 838 345 0
b 843 337 846 347 0
i 843 337 849 347 0
t 850 337 852 345 0
s 853 337 863 347 0
t 867 337 871 347 0
h 872 337 878 347 0
a 879 337 886 345 0
n 887 337 894 345 0
t 13 314 18 324 0
h 13 314 17 324 0
e 18 314 32 324 0
o 37 311 43 324 0
r 37 314 44 322 0
i 45 314 49 322 0
g 50 314 51 322 0
i 52 311 62 322 0
n 61 311 70 324 0
a 64 314 70 322 0
l 71 314 81 324 0
r 86 311 91 328 0
e 86 314 97 322 0
p 92 311 105 328 0
r 99 311 105 322 0
e 104 311 118 328 0
s 106 314 132 322 0
e 117 311 130 328 0
n 123 311 137 328 0
t 134 314 140 322 0
a 136 311 149 328 0
t 141 314 156 324 0
i 148 311 162 328 0
o 157 314 167 322 0
n 161 311 174 328 0
. 168 314 174 322 0
2 180 318 191 328 0
! 186 311 191 328 0
A 194 311 203 324 0
n 194 314 204 324 0
y 205 311 218 322 0
p 223 311 228 324 0
a 223 311 230 322 0
r 231 314 238 322 0
t 236 311 245 324 0
i 239 314 249 324 0
c 250 314 256 322 0
u 252 311 262 324 0
l 257 314 264 322 0
a 265 314 275 324 0
r 276 314 280 322 0
c 284 311 295 322 0
o 284 314 298 322 0
m 294 311 307 322 0
p 299 314 310 322 0
r 311 311 318 322 0
e 319 314 323 322 0
s 323 314 330 322 0
s 331 314 337 322 0
i 338 314 344 322 0
o 345 314 347 322 0
n 348 314 363 322 0
i 368 314 370 322 0
s 368 314 377 322 0
e 381 314 384 324 0
i 381 314 388 322 0
t 390 314 396 324 0
h 392 314 401 324 0
e 397 314 403 324 0
r 404 314 417 322 0
l 421 311 424 324 0
o 421 314 430 324 0
s 432 314 438 322 0
s 433 311 443 324 0
y 439 311 452 322 0
o 456 314 462 322 0
r 456 314 469 322 0
l 473 314 476 324 0
o 473 314 483 324 0
s 477 314 491 324 0
s 484 314 490 322 0
l 491 314 497 322 0
e 498 314 508 324 0
s 502 314 516 324 0
s 509 314 515 322 0
. 516 314 522 322 0
L 531 314 537 324 0
o 538 314 545 322 0
s 540 314 553 324 0
s 546 314 552 322 0
l 553 314 562 324 0
e 563 314 570 322 0
s 571 314 577 322 0
s 578 314 584 322 0
c 588 311 599 322 0
o 588 314 602 322 0
m 598 311 612 322 0
p 604 314 614 322 0
r 615 311 622 322 0
e 623 314 627 322 0
s 627 314 634 322 0
s 635 314 649 322 0
i 640 311 653 322 0
o 650 314 651 322 0
n 652 314 667 322 0
r 672 314 678 324 0
e 672 314 683 322 0
d 677 314 691 324 0
u 684 314 691 324 0
c 692 314 699 322 0
e 700 314 706 322 0
s 707 314 721 322 0
b 726 314 728 324 0
i 726 314 732 324 0
t 726 314 735 324 0
s 736 314 747 324 0
b 752 311 757 324 0
y 752 311 765 324 0
i 770 314 772 322 0
d 773 314 780 324 0
e 775 311 784 324 0
n 781 314 788 322 0
t 789 314 795 322 0
i 796 314 800 324 0
f 801 314 802 322 0
y 803 311 814 324 0
i 815 314 816 322 0
n 818 314 824 322 0
g 825 311 832 322 0
a 837 314 844 322 0
n 845 314 851 322 0
d 852 314 859 324 0
e 13 289 19 302 0
l 13 292 20 300 0
i 22 292 27 302 0
m 28 292 38 300 0
i 31 289 42 302 0
n 40 292 41 300 0
a 43 292 49 300 0
t 50 292 61 302 0
i 62 292 64 300 0
n 65 292 71 300 0
g 73 289 79 300 0
s 85 292 89 302 0
t 85 292 91 300 0
a 91 292 95 302 0
t 96 292 102 300 0
i 103 292 109 302 0
s 109 292 114 302 0
t 110 292 116 300 0
i 117 292 120 302 0
c 122 292 130 300 0
a 126 292 137 302 0
l 131 292 141 302 0
r 146 292 150 300 0
e 151 292 157 300 0
d 158 292 165 302 0
u 161 289 172 302 0
n 167 292 180 300 0
d 174 289 189 302 0
a 182 292 188 302 0
n 190 292 196 300 0
c 198 292 204 300 0
y 205 292 211 300 0
. 212 289 218 300 0
N 226 292 232 302 0
o 226 292 243 302 0
i 248 292 252 302 0
n 248 292 250 300 0
f 251 292 257 300 0
o 258 292 269 302 0
r 264 292 274 302 0
m 270 292 285 300 0
a 279 292 289 302 0
t 286 292 293 300 0
i 294 292 300 302 0
o 296 292 307 302 0
n 301 292 316 300 0
i 321 292 324 300 0
s 321 292 330 300 0
l 335 292 339 302 0
o 335 292 337 302 0
s 338 292 352 300 0
t 352 292 356 302 0
i 361 292 364 300 0
n 361 292 370 300 0
l 375 292 377 302 0
o 378 292 385 300 0
s 386 292 392 300 0
s 389 292 399 302 0
l 393 292 402 302 0
e 403 292 410 300 0
s 411 292 417 300 0
s 418 292 424 300 0
c 429 292 435 300 0
o 436 292 443 300 0
m 439 289 449 300 0
p 444 292 454 300 0
r 456 289 462 300 0
e 459 289 474 300 0
s 463 292 489 300 0
s 476 289 487 300 0
i 481 289 492 300 0
o 490 292 499 300 0
n 494 289 504 300 0
. 501 292 507 300 0
L 516 292 523 302 0
o 519 289 529 302 0
s 524 292 545 300 0
s 534 289 544 302 0
y 545 289 552 300 0
c 556 292 570 300 0
o 561 289 572 300 0
m 566 289 577 300 0
p 572 292 582 300 0
r 583 289 590 300 0
e 591 292 595 300 0
s 595 292 602 300 0
s 603 292 609 300 0
i 610 292 616 300 0
o 617 292 627 300 0
n 628 292 635 300 0
r 640 292 644 300 0
e 644 292 651 300 0
d 646 292 657 302 0
u 652 292 666 302 0
c 661 292 672 302 0
e 668 292 674 300 0
s 675 292 689 300 0
b 694 292 697 302 0
i 694 292 700 302 0
t 701 292 703 300 0
s 704 292 714 302 0
b 719 289 727 302 0
y 719 289 733 302 0
r 738 292 742 300 0
e 742 292 749 300 0
m 751 292 761 300 0
o 754 289 769 300 0
v 762 292 776 300 0
i 769 289 779 300 0
n 777 292 786 300 0
g 787 289 794 300 0
u 800 292 806 300 0
n 807 292 814 300 0
n 815 292 821 300 0
e 816 289 827 300 0
c 822 292 829 300 0
e 830 292 844 300 0
s 845 292 851 300 0
s 846 289 857 300 0
a 852 292 858 300 0
r 859 292 866 300 0
y 867 289 878 300 0
o 882 292 889 300 0
r 891 292 895 300 0
l 14 269 19 279 0
e 14 269 23 279 0
s 18 269 31 279 0
s 24 269 38 277 0
i 43 269 44 277 0
m 46 269 56 277 0
p 49 266 63 279 0
o 57 266 64 277 0
r 65 269 72 277 0
t 68 266 81 279 0
a 73 269 88 279 0
n 80 266 94 279 0
t 89 269 100 279 0
i 105 269 107 277 0
n 108 269 114 277 0
f 110 269 119 283 0
o 115 269 126 279 0
r 120 269 133 283 0
m 127 269 142 277 0
a 132 269 146 283 0
t 143 269 150 277 0
i 151 269 157 279 0
o 158 269 165 277 0
n 162 269 171 283 0
. 166 269 180 283 0
) 181 273 189 283 0
T 193 269 202 279 0
y 201 266 208 277 0
p 203 266 213 279 0
i 209 266 216 277 0
c 217 269 218 277 0
a 219 269 233 277 0
l 224 266 238 279 0
l 235 269 239 279 0
y 237 266 246 279 0
, 240 266 249 277 0
a 254 269 261 277 0
d 266 269 273 279 0
e 268 269 281 279 0
v 274 269 288 277 0
i 282 269 292 279 0
c 287 269 296 279 0
e 289 269 305 277 0
t 310 269 317 279 0
h 310 269 321 279 0
a 318 269 327 279 0
t 322 269 333 279 0
p 338 266 346 279 0
e 338 266 352 277 0
r 345 266 358 279 0
f 353 269 368 279 0
o 357 266 371 279 0
r 364 266 377 279 0
m 370 269 385 277 0
s 386 269 392 277 0
d 396 269 403 279 0
a 397 269 410 279 0
t 404 269 411 277 0
a 412 269 423 279 0
c 428 269 434 277 0
o 435 269 442 277 0
m 439 266 452 277 0
p 443 269 453 277 0
r 455 266 461 277 0
e 457 266 471 277 0
s 464 266 477 277 0
s 462 269 488 277 0
i 478 266 488 277 0
o 487 266 496 277 0
n 489 269 506 277 0
i 511 269 515 277 0
s 511 269 520 277 0
r 525 269 531 279 0
e 525 269 537 277 0
f 530 269 540 279 0
e 537 269 542 279 0
r 541 269 548 277 0
r 549 269 558 277 0
e 558 269 565 277 0
d 566 269 573 279 0
t 577 269 581 279 0
o 582 269 589 277 0
a 593 269 600 277 0
s 601 269 608 277 0
a 612 269 619 277 0
n 620 269 627 277 0
e 631 269 638 277 0
n 632 267 646 279 0
c 640 269 646 277 0
o 647 269 661 277 0
d 653 267 667 279 0
e 662 269 669 279 0
r 670 269 677 277 0
, 678 267 684 277 0
a 689 269 696 277 0
n 691 269 704 279 0
d 697 269 711 279 0
o 716 269 723 277 0
n 716 269 723 277 0
e 725 269 739 277 0
t 743 269 748 279 0
h 743 269 747 279 0
a 748 269 754 279 0
t 755 269 767 279 0
p 771 266 778 277 0
e 772 266 785 279 0
r 779 269 786 277 0
f 787 266 796 279 0
o 787 269 802 279 0
r 795 266 808 279 0
m 803 269 807 277 0
s 808 269 826 277 0
t 829 269 833 279 0
h 829 269 841 279 0
e 842 269 849 277 0
r 854 269 860 279 0
e 854 269 865 277 0
v 865 269 872 277 0
e 866 269 879 279 0
r 873 269 880 277 0
s 878 269 892 279 0
a 881 269 899 277 0
l 900 269 902 279 0
o 4 237 19 267 0
f 13 247 24 257 0
t 28 247 32 257 0
h 33 247 40 257 0
e 41 247 47 255 0
p 53 244 59 255 0
r 53 244 60 255 0
o 61 247 72 255 0
c 66 244 77 255 0
e 73 247 79 255 0
s 80 247 101 255 0
s 89 244 99 255 0
( 105 244 109 257 0
d 110 247 117 257 0
e 111 244 127 257 0
c 118 247 139 255 0
o 126 244 142 257 0
m 134 244 149 257 0
p 141 247 151 255 0
r 152 244 159 255 0
e 160 247 171 255 0
s 164 244 179 257 0
s 172 247 186 255 0
i 179 244 189 257 0
o 187 247 188 255 0
n 189 247 196 255 0
) 198 244 209 257 0
a 213 247 219 255 0
s 213 247 228 255 0
a 232 247 239 255 0
d 244 247 250 257 0
e 246 247 257 257 0
c 251 247 258 255 0
o 259 247 273 255 0
d 266 247 277 257 0
e 274 247 281 257 0
r 282 247 289 255 0
. 290 247 294 255 0
‘ 13 218 14 228 0
T 13 218 19 228 0
h 13 218 29 228 0
e 30 218 37 226 0
p 42 215 49 226 0
r 44 215 54 226 0
o 50 218 61 226 0
c 56 215 67 226 0
e 62 218 68 226 0
s 66 215 82 226 0
s 69 218 90 226 0
o 89 208 99 238 0
f 94 218 101 226 0
r 102 218 107 228 0
e 110 218 129 228 0
d 119 215 129 228 0
u 124 215 134 228 0
c 131 218 137 226 0
i 138 218 144 226 0
n 145 218 147 226 0
g 148 215 163 226 0
t 167 218 172 228 0
h 167 218 171 228 0
e 172 218 186 228 0
s 191 218 194 226 0
i 191 218 197 226 0
z 198 218 200 226 0
e 201 218 215 226 0
o 214 208 224 238 0
f 220 218 227 226 0
a 227 218 242 228 0
d 247 218 252 228 0
a 247 218 254 228 0
t 255 218 262 226 0
a 262 218 273 228 0
f 278 218 282 228 0
i 278 218 282 228 0
l 283 218 284 226 0
e 286 218 295 228 0
i 300 218 304 226 0
s 300 218 309 226 0
o 314 218 319 228 0
f 314 218 321 226 0
t 321 218 329 228 0
e 326 218 332 228 0
n 329 218 344 226 0
r 349 218 354 228 0
e 349 218 360 226 0
f 354 218 364 228 0
e 361 218 372 228 0
r 366 218 377 228 0
r 373 218 382 226 0
e 379 218 384 228 0
d 382 218 397 228 0
t 401 218 405 228 0
o 406 218 413 226 0
a 417 218 424 226 0
s 425 218 432 226 0
d 436 218 443 228 0
a 439 218 449 228 0
t 444 218 451 226 0
a 451 218 462 228 0
c 467 215 477 226 0
o 467 218 481 226 0
m 482 218 493 226 0
p 484 215 499 226 0
r 494 215 501 226 0
e 499 215 509 226 0
s 502 218 513 226 0
s 514 218 520 226 0
i 521 218 527 226 0
o 528 218 530 226 0
n 531 218 538 226 0
. 539 218 545 226 0
I 555 218 559 228 0
n 555 218 565 228 0
t 569 218 574 228 0
h 569 218 573 228 0
e 574 218 588 228 0
c 593 218 599 228 0
o 593 218 607 226 0
n 601 218 612 228 0
t 608 218 615 226 0
e 615 218 619 228 0
x 621 218 632 228 0
t 620 218 638 228 0
o 642 218 649 228 0
f 642 218 654 228 0
d 658 218 664 228 0
a 658 218 665 228 0
t 666 218 673 226 0
a 673 218 684 228 0
t 689 218 692 228 0
r 689 216 699 228 0
a 694 218 704 226 0
n 701 216 712 228 0
s 706 218 712 226 0
m 714 218 720 226 0
i 721 218 731 226 0
s 732 218 741 226 0
s 736 216 747 228 0
i 742 218 748 226 0
o 750 218 751 226 0
n 752 218 759 226 0
, 760 216 770 226 0
i 776 218 779 228 0
t 776 218 782 228 0
i 787 218 788 226 0
s 789 218 796 226 0
c 800 218 807 228 0
a 800 218 814 226 0
l 806 218 817 228 0
l 815 218 820 228 0
e 821 218 828 226 0
d 829 218 836 228 0
s 841 218 847 226 0
o 844 218 854 226 0
u 848 218 855 226 0
r 856 218 862 226 0
c 864 218 874 226 0
e 875 218 882 226 0
‘ 13 192 14 205 0
c 13 192 18 205 0
o 13 195 27 203 0
d 19 192 32 205 0
i 28 195 35 205 0
n 36 195 38 203 0
g 40 195 46 203 0
; 47 192 57 203 0
e 62 195 69 203 0
n 63 192 76 205 0
c 71 195 77 203 0
o 78 195 84 203 0
d 85 195 92 203 0
i 93 195 100 205 0
n 101 195 103 203 0
g 104 192 118 203 0
d 123 195 130 205 0
o 123 195 130 205 0
n 131 195 138 203 0
e 139 195 153 203 0
a 158 195 162 205 0
t 158 195 169 205 0
t 173 195 177 205 0
h 178 195 184 205 0
e 185 195 192 203 0
s 197 195 205 203 0
o 197 195 211 203 0
u 204 195 218 203 0
r 212 195 219 203 0
c 220 195 224 203 0
e 224 195 238 203 0
o 243 195 247 205 0
f 243 195 255 205 0
t 258 195 262 205 0
h 258 195 268 205 0
e 263 195 277 205 0
d 282 195 289 205 0
a 282 195 289 205 0
t 290 195 297 203 0
a 297 195 308 205 0
b 314 195 320 205 0
e 314 195 320 205 0
f 321 195 328 203 0
o 327 195 337 205 0
r 328 195 340 205 0
e 341 195 352 203 0
i 357 195 359 205 0
t 357 195 363 205 0
i 368 195 370 203 0
s 371 195 377 203 0
s 382 195 389 205 0
t 382 195 392 205 0
o 392 195 399 203 0
r 396 195 405 205 0
e 400 195 409 205 0
d 401 195 419 205 0
o 417 188 430 213 0
r 424 195 437 203 0
t 436 195 445 209 0
r 440 195 444 205 0
a 445 195 456 203 0
n 457 195 464 203 0
s 458 195 472 209 0
m 465 195 471 203 0
i 472 195 483 203 0
t 477 195 491 209 0
t 484 195 494 205 0
e 494 195 501 203 0
d 498 195 507 209 0
. 502 195 509 205 0
' 508 195 518 209 0
“ 514 199 517 209 0
! 517 199 525 209 0
S 530 195 541 205 0
o 530 195 546 205 0
u 540 195 553 205 0
r 548 195 554 203 0
c 556 195 566 203 0
e 567 195 574 203 0
c 578 192 587 205 0
o 578 195 592 203 0
d 586 192 599 205 0
i 593 195 600 205 0
n 601 195 603 203 0
g 605 192 619 203 0
s 624 195 630 203 0
h 631 195 637 205 0
o 631 195 645 205 0
u 638 195 645 203 0
l 647 195 653 203 0
d 654 195 664 205 0
n 669 195 676 205 0
o 669 195 675 203 0
t 676 195 688 205 0
b 693 195 699 205 0
e 700 195 707 203 0
c 711 195 720 205 0
o 711 195 725 203 0
n 719 195 732 205 0
f 727 195 733 203 0
u 734 195 745 205 0
s 738 195 751 205 0
e 746 195 752 203 0
d 753 195 767 205 0
w 772 195 778 205 0
i 772 195 782 203 0
t 783 195 789 205 0
h 790 195 796 205 0
c 801 195 808 203 0
h 809 195 815 205 0
a 816 195 823 203 0
n 817 195 830 205 0
n 824 195 830 203 0
e 832 195 838 203 0
l 839 195 849 205 0
c 854 195 860 203 0
o 854 192 868 205 0
d 861 195 868 203 0
i 869 195 875 205 0
n 877 195 879 203 0
g 880 195 886 203 0
, 888 192 898 203 0
f 13 173 17 183 0
o 13 173 18 183 0
r 17 173 30 181 0
e 34 173 39 181 0
r 34 173 41 181 0
r 42 173 46 181 0
o 47 173 58 181 0
r 59 173 63 181 0
d 67 173 74 183 0
e 69 173 79 183 0
t 75 173 82 181 0
e 82 173 86 183 0
c 89 173 99 183 0
t 87 173 105 183 0
i 106 173 107 181 0
o 108 173 115 181 0
n 117 173 123 181 0
a 128 173 134 183 0
n 128 173 135 181 0
d 136 173 150 183 0
c 155 173 159 183 0
o 155 173 169 181 0
r 161 173 172 183 0
r 170 173 179 181 0
e 174 173 184 183 0
c 179 173 186 181 0
t 187 173 197 183 0
i 191 173 202 183 0
o 198 173 208 181 0
n 209 173 215 181 0
o 220 173 224 181 0
r 220 173 233 181 0
l 237 173 239 183 0
i 237 173 239 183 0
n 241 173 250 181 0
e 251 173 258 181 0
c 263 170 269 183 0
o 263 173 269 181 0
d 270 173 276 181 0
i 277 173 284 183 0
n 286 173 287 181 0
g 289 173 295 181 0
, 296 170 306 181 0
t 311 173 315 183 0
h 316 173 322 183 0
e 323 173 330 181 0
m 335 173 347 181 0
e 335 173 353 181 0
a 354 173 361 181 0
n 356 173 367 181 0
s 363 173 376 181 0
f 380 173 387 183 0
o 380 173 392 183 0
r 393 173 397 181 0
m 401 173 412 181 0
a 409 170 419 181 0
p 413 173 420 181 0
p 421 170 428 181 0
i 429 170 435 181 0
n 436 173 438 181 0
g 440 170 454 181 0
d 459 173 465 183 0
a 461 173 472 183 0
t 466 173 473 181 0
a 474 173 485 183 0
o 490 173 497 181 0
n 491 173 502 183 0
t 498 173 504 181 0
o 505 173 516 183 0
a 514 163 524 193 0
s 532 173 533 181 0
i 532 173 539 181 0
g 540 173 542 181 0
n 543 170 549 181 0
a 551 173 557 181 0
l 558 173 565 181 0
. 566 173 568 183 0
‘ 13 141 14 154 0
C 13 141 17 154 0
o 13 144 30 154 0
m 24 141 39 154 0
p 32 144 42 152 0
r 43 141 50 152 0
e 51 144 55 152 0
s 55 144 62 152 0
s 63 144 77 152 0
i 69 141 79 154 0
o 78 144 87 152 0
n 89 144 95 152 0
i 100 144 104 152 0
s 100 144 109 152 0
u 114 144 120 152 0
s 116 144 127 154 0
e 122 144 128 152 0
f 129 144 136 152 0
u 136 144 141 154 0
l 141 144 150 154 0
b 155 144 162 154 0
e 163 144 170 152 0
c 166 144 177 154 0
a 171 144 177 152 0
u 178 144 185 152 0
s 186 144 192 152 0
e 193 144 207 152 0
i 212 144 214 154 0
t 212 144 218 154 0
r 223 144 227 152 0
e 227 144 234 152 0
d 235 144 242 154 0
u 236 144 247 154 0
c 243 144 250 152 0
e 251 144 257 152 0
s 258 144 272 152 0
t 276 144 279 154 0
h 276 144 280 154 0
e 281 144 295 154 0
r 300 144 304 152 0
e 300 144 311 152 0
s 306 144 317 152 0
o 312 144 326 152 0
u 321 144 332 152 0
r 327 144 334 152 0
c 334 144 344 152 0
e 335 144 353 152 0
s 354 144 361 152 0
r 366 141 369 154 0
e 366 144 377 152 0
q 374 141 384 154 0
u 378 141 384 152 0
i 386 144 392 152 0
r 394 144 395 152 0
e 397 144 408 152 0
d 409 144 415 154 0
t 420 144 424 154 0
o 420 144 431 154 0
s 436 144 442 154 0
t 436 144 446 154 0
o 441 144 452 154 0
r 447 144 454 152 0
e 455 144 466 152 0
a 471 144 477 154 0
n 471 144 478 152 0
d 479 144 493 154 0
t 498 144 502 154 0
r 498 144 502 154 0
a 503 144 514 152 0
n 509 144 519 154 0
s 515 144 521 152 0
m 522 144 529 152 0
i 530 144 540 152 0
t 541 144 548 154 0
d 552 144 559 154 0
a 554 144 564 154 0
t 560 144 567 152 0
a 567 144 578 154 0
. 571 144 578 154 0
C 587 144 596 154 0
o 597 144 604 152 0
m 599 141 614 154 0
p 606 144 616 152 0
u 617 141 624 152 0
t 625 144 631 152 0
a 629 141 639 154 0
t 632 144 643 154 0
i 644 144 647 154 0
o 648 144 658 152 0
n 654 141 664 154 0
a 659 144 665 152 0
l 667 144 676 154 0
r 682 144 687 152 0
e 682 144 686 152 0
s 686 144 700 152 0
o 696 144 707 152 0
u 701 144 708 152 0
r 709 144 715 152 0
c 717 144 721 152 0
e 721 144 727 152 0
s 728 144 742 152 0
a 746 144 753 152 0
r 749 144 759 152 0
e 755 144 766 152 0
c 771 144 777 152 0
o 774 144 784 154 0
n 778 144 792 152 0
s 793 144 800 152 0
u 801 144 807 152 0
m 801 144 817 154 0
e 808 144 819 152 0
d 820 144 834 154 0
i 840 144 842 152 0
n 840 144 849 152 0
t 853 144 857 154 0
h 854 144 864 154 0
e 858 144 872 154 0
‘ 13 118 14 129 0
c 13 118 17 129 0
o 13 121 27 129 0
m 21 118 37 129 0
p 29 121 39 129 0
r 40 118 47 129 0
e 48 121 52 129 0
s 52 121 59 129 0
s 60 121 74 129 0
i 66 118 77 129 0
o 75 121 84 129 0
n 85 121 92 129 0
a 97 121 104 129 0
n 99 121 109 131 0
d 105 121 119 131 0
d 124 121 131 131 0
e 129 118 139 131 0
c 134 118 144 131 0
o 132 121 153 129 0
m 146 118 162 131 0
p 155 121 165 129 0
r 166 118 173 129 0
e 174 121 178 129 0
s 178 121 185 129 0
s 186 121 200 129 0
i 194 118 204 131 0
o 201 121 210 129 0
n 212 121 218 129 0
p 223 118 229 129 0
r 223 118 230 129 0
o 231 121 242 129 0
c 236 118 247 129 0
e 243 121 249 129 0
s 250 121 257 129 0
s 258 121 264 129 0
e 265 121 271 129 0
s 272 121 279 129 0
. 280 121 286 129 0
D 295 121 304 131 0
a 304 121 311 129 0
t 306 121 317 131 0
a 312 121 323 131 0
c 328 121 334 129 0
o 335 121 342 129 0
m 339 118 349 129 0
p 343 121 353 129 0
r 355 118 361 129 0
e 361 118 372 129 0
s 362 121 388 129 0
s 379 118 384 129 0
i 381 118 387 129 0
o 389 121 391 129 0
n 392 121 406 129 0
i 412 121 414 129 0
s 412 121 421 129 0
s 425 121 432 129 0
u 426 118 437 131 0
b 433 121 439 129 0
j 440 121 447 131 0
e 447 118 450 129 0
c 451 118 462 131 0
t 451 121 469 131 0
t 473 121 477 131 0
o 477 121 484 129 0
a 489 121 496 129 0
s 501 121 507 129 0
p 504 118 514 131 0
a 508 118 522 129 0
c 523 121 530 129 0
e 530 121 537 129 0
- 531 118 542 131 0
t 538 124 546 125 0
i 546 121 549 131 0
m 550 121 563 129 0
e 565 121 571 129 0
c 576 121 582 129 0
o 579 118 589 131 0
m 583 121 590 129 0
p 592 121 602 129 0
l 603 118 610 129 0
e 611 121 612 131 0
x 614 121 620 129 0
i 621 121 630 129 0
t 629 118 634 131 0
y 631 118 642 131 0
t 646 121 650 131 0
r 646 121 657 131 0
a 651 121 662 129 0
d 659 121 669 131 0
e 663 121 669 131 0
- 670 121 677 129 0
o 678 124 682 125 0
f 683 121 690 129 0
f 690 121 698 131 0
. 694 121 698 131 0
F 706 121 714 131 0
o 709 121 719 131 0
r 714 121 727 129 0
i 731 121 733 129 0
n 734 121 740 129 0
s 736 119 747 131 0
t 741 121 748 129 0
a 748 121 759 131 0
n 754 119 764 131 0
c 761 121 767 129 0
e 768 121 774 129 0
, 775 119 785 129 0
a 791 121 797 129 0
c 802 121 809 129 0
o 809 121 816 129 0
m 811 118 827 129 0
p 818 121 828 129 0
r 829 118 836 129 0
e 837 121 848 129 0
s 849 121 855 129 0
s 851 118 862 129 0
i 856 121 865 129 0
o 866 121 873 129 0
n 874 121 880 129 0
s 14 99 20 109 0
c 14 99 20 107 0
h 21 99 27 107 0
e 28 99 42 109 0
m 35 99 50 109 0
e 44 99 62 107 0
f 66 99 70 109 0
o 66 99 71 109 0
r 70 99 83 107 0
v 87 99 93 109 0
i 87 99 93 107 0
d 94 99 96 107 0
e 97 99 111 109 0
o 112 99 119 107 0
m 124 99 135 107 0
a 130 96 140 107 0
y 136 96 150 107 0
r 155 96 160 107 0
e 155 99 166 107 0
q 162 96 173 107 0
u 167 96 173 107 0
i 175 99 181 107 0
r 183 99 184 107 0
e 186 99 197 107 0
e 202 96 208 107 0
x 202 99 216 107 0
p 212 96 223 107 0
e 217 96 231 107 0
n 222 96 238 107 0
s 233 99 239 107 0
i 240 99 246 107 0
v 247 99 249 107 0
e 250 99 264 107 0
h 269 99 275 109 0
a 269 99 275 109 0
r 277 99 283 107 0
d 285 99 296 109 0
w 290 99 305 109 0
a 297 99 314 107 0
r 307 99 318 109 0
e 315 99 326 107 0
f 330 99 335 109 0
o 330 99 342 109 0
r 343 99 347 107 0
t 351 99 355 109 0
h 351 99 355 109 0
e 356 99 370 109 0
v 374 99 380 109 0
i 374 99 381 107 0
d 382 99 384 107 0
e 385 99 391 109 0
o 392 99 407 107 0
t 411 99 415 109 0
o 416 99 423 107 0
b 428 99 438 109 0
e 428 99 442 109 0
d 447 99 454 109 0
e 450 96 465 109 0
c 455 99 476 107 0
o 465 96 480 109 0
m 478 99 488 107 0
p 482 96 493 109 0
r 489 96 496 107 0
e 497 99 501 107 0
s 501 99 508 107 0
s 509 99 530 107 0
e 517 96 528 109 0
d 531 99 538 109 0
f 542 99 545 109 0
a 542 99 553 109 0
s 547 99 558 109 0
t 554 99 565 109 0
e 569 99 576 107 0
n 572 96 583 109 0
o 577 99 592 107 0
u 587 96 598 109 0
g 593 99 599 107 0
h 600 96 615 109 0
t 619 99 623 109 0
o 619 99 631 109 0
b 636 99 640 109 0
e 636 99 650 109 0
v 654 99 660 109 0
i 654 99 661 107 0
e 662 99 672 107 0
w 667 99 678 109 0
e 672 99 688 109 0
d 672 99 697 109 0
a 702 99 705 107 0
s 702 99 716 107 0
i 721 99 723 109 0
t 721 99 727 109 0
i 732 99 734 107 0
s 735 99 741 107 0
b 746 96 753 109 0
e 746 99 760 109 0
i 755 96 765 109 0
n 762 99 771 107 0
g 772 96 779 107 0
d 784 99 791 109 0
e 787 96 803 109 0
c 792 99 813 107 0
o 802 96 818 109 0
m 815 99 825 107 0
p 820 96 830 109 0
r 826 96 833 107 0
e 834 99 838 107 0
s 838 99 845 107 0
s 847 96 858 109 0
e 846 99 867 107 0
d 857 96 873 109 0
, 868 97 878 109 0
a 13 76 19 86 0
n 13 76 20 84 0
d 22 76 36 86 0
t 40 76 44 86 0
h 40 76 44 86 0
e 45 76 59 86 0
o 64 76 71 84 0
p 66 73 77 86 0
t 72 73 83 86 0
i 76 73 87 86 0
o 84 76 94 84 0
n 95 76 101 84 0
t 106 76 112 86 0
o 106 76 117 86 0
d 122 76 128 86 0
e 129 76 136 84 0
c 131 73 147 86 0
o 137 76 151 84 0
m 152 76 163 84 0
p 154 73 169 86 0
r 164 73 171 84 0
e 172 76 176 84 0
s 176 76 183 84 0
s 184 76 197 84 0
t 201 76 205 86 0
h 201 76 212 86 0
e 206 76 220 86 0
v 225 76 229 86 0
i 225 76 234 84 0
d 235 76 242 86 0
e 236 76 247 86 0
o 243 76 258 84 0
i 263 76 265 84 0
n 266 76 272 84 0
f 277 76 282 86 0
u 277 76 282 86 0
l 282 76 288 84 0
l 289 76 294 86 0
b 300 76 306 86 0
e 307 76 314 84 0
f 309 76 319 86 0
o 314 76 325 86 0
r 321 76 332 86 0
e 327 76 338 84 0
w 342 73 352 86 0
a 342 76 360 84 0
t 351 73 362 86 0
c 360 76 364 86 0
h 364 76 371 84 0
i 372 76 378 86 0
n 380 76 381 84 0
g 383 73 397 84 0
i 402 76 404 86 0
t 402 76 408 86 0
m 413 76 423 84 0
a 419 73 429 84 0
y 424 73 439 84 0
b 443 76 449 86 0
e 443 76 458 86 0
i 463 76 465 84 0
n 466 76 472 84 0
c 469 76 479 86 0
o 473 76 487 84 0
n 481 76 492 86 0
v 489 76 495 84 0
e 496 76 502 84 0
n 503 76 510 84 0
i 511 76 517 84 0
e 519 76 521 84 0
n 522 76 529 84 0
t 530 76 541 86 0
o 545 76 549 84 0
r 545 76 557 84 0
r 562 73 567 84 0
e 562 76 573 84 0
q 569 73 579 84 0
u 574 73 580 84 0
i 582 76 588 84 0
r 590 76 592 84 0
e 593 76 604 84 0
a 609 76 614 86 0
d 609 76 623 86 0
d 619 76 629 86 0
i 624 76 631 86 0
t 633 76 634 84 0
i 635 76 641 86 0
o 642 76 649 84 0
n 644 76 654 86 0
a 650 76 657 84 0
l 658 76 668 86 0
s 673 73 679 86 0
t 673 76 683 86 0
o 683 76 690 84 0
r 686 73 697 86 0
a 692 76 703 84 0
g 704 73 710 84 0
e 706 73 717 86 0
. 711 76 718 84 0
T 727 76 734 86 0
h 727 76 735 86 0
e 736 76 750 86 0
d 755 73 759 86 0
e 755 76 762 86 0
s 761 73 772 86 0
i 763 76 777 84 0
g 778 73 787 84 0
n 789 76 795 84 0
o 800 76 804 86 0
f 800 76 812 86 0
d 816 76 822 86 0
a 816 76 822 86 0
t 823 76 830 84 0
a 831 76 842 86 0
‘ 13 51 14 62 0
c 13 51 17 62 0
o 13 54 27 62 0
m 21 51 37 62 0
p 29 54 39 62 0
r 40 51 47 62 0
e 48 54 52 62 0
s 52 54 59 62 0
s 60 54 74 62 0
i 66 51 77 62 0
o 75 54 84 62 0
n 85 54 92 62 0
s 97 54 103 62 0
c 99 54 109 64 0
h 104 54 117 64 0
e 118 54 125 62 0
m 119 54 134 64 0
e 127 54 137 62 0
s 138 54 152 62 0
i 157 54 159 62 0
n 160 54 166 62 0
v 161 54 172 64 0
o 167 54 181 62 0
l 174 54 184 64 0
v 183 54 184 64 0
e 185 54 199 62 0
s 200 54 207 62 0
t 211 54 214 64 0
r 211 54 219 64 0
a 211 54 227 64 0
d 221 54 232 64 0
e 227 54 242 64 0
- 236 54 247 64 0
o 243 57 247 58 0
f 248 54 255 62 0
f 254 54 264 64 0
s 255 54 269 64 0
a 274 54 281 62 0
m 279 51 289 62 0
o 282 54 292 62 0
n 293 54 300 62 0
g 302 51 316 62 0
v 320 54 324 62 0
a 320 54 327 62 0
r 327 54 334 62 0
i 336 54 342 62 0
o 339 54 349 62 0
u 343 54 350 62 0
s 351 54 365 62 0
f 369 52 374 64 0
a 369 54 380 64 0
c 374 52 384 64 0
t 381 54 392 64 0
o 386 52 397 64 0
r 392 54 399 62 0
s 396 52 407 64 0
, 400 52 414 62 0
i 420 51 424 64 0
n 420 54 422 62 0
c 423 54 429 62 0
l 430 54 439 64 0
u 436 51 447 64 0
d 441 54 447 62 0
i 448 54 455 64 0
n 456 54 458 62 0
g 459 51 474 62 0
t 478 54 482 64 0
h 483 54 489 64 0
e 490 54 497 62 0
d 502 54 509 64 0
e 504 51 514 64 0
g 510 51 524 62 0
r 519 51 529 64 0
e 526 54 537 62 0
e 538 54 545 62 0
o 549 54 556 62 0
f 557 54 562 64 0
c 565 54 571 62 0
o 572 54 579 62 0
m 574 51 589 62 0
p 580 54 590 62 0
r 592 51 599 62 0
e 600 54 611 62 0
s 604 51 614 62 0
s 612 54 618 62 0
i 619 54 625 62 0
o 626 54 628 62 0
n 629 54 636 62 0
, 637 52 647 62 0
t 651 54 655 64 0
h 651 54 662 64 0
e 656 54 671 64 0
a 675 54 682 62 0
m 684 54 694 62 0
o 689 54 699 64 0
u 695 54 702 62 0
n 703 54 709 62 0
t 711 54 722 64 0
o 726 54 733 62 0
f 729 44 734 74 0
d 733 54 738 64 0
i 741 54 748 64 0
s 746 54 757 64 0
t 750 54 759 62 0
o 759 54 763 64 0
r 763 54 770 62 0
t 772 54 779 64 0
i 774 54 784 64 0
o 780 54 782 62 0
n 783 54 797 62 0
i 803 54 804 62 0
n 803 54 812 64 0
t 806 54 812 62 0
r 811 54 822 64 0
o 813 54 836 64 0
d 824 54 839 64 0
u 834 54 844 64 0
c 838 54 844 62 0
e 845 54 851 62 0
d 852 54 867 64 0
( 14 29 19 42 0
w 14 29 17 42 0
h 18 32 28 40 0
e 29 32 35 42 0
n 36 32 50 40 0
u 56 29 60 40 0
s 56 32 62 40 0
i 63 32 70 40 0
n 71 32 72 40 0
g 74 29 88 40 0
l 94 29 98 42 0
o 94 32 103 42 0
s 104 32 110 40 0
s 107 29 117 42 0
y 111 29 124 40 0
d 129 32 135 42 0
a 130 32 144 42 0
t 137 32 143 40 0
a 144 32 155 42 0
c 160 32 166 40 0
o 167 32 174 40 0
m 170 29 183 42 0
p 175 32 185 40 0
r 187 29 193 40 0
e 195 32 199 40 0
s 199 32 206 40 0
s 207 32 213 40 0
i 214 32 220 40 0
o 221 32 223 40 0
n 224 32 230 40 0
) 232 32 238 40 0
, 240 29 246 42 0
a 252 32 259 40 0
n 253 32 267 42 0
d 260 32 274 42 0
t 278 32 282 42 0
h 283 32 289 42 0
e 290 32 297 40 0
c 302 29 313 42 0
o 302 32 316 40 0
m 312 29 325 42 0
p 317 32 328 40 0
u 329 29 336 40 0
t 337 32 343 40 0
a 339 29 352 42 0
t 344 32 359 42 0
i 351 29 365 42 0
o 360 32 370 40 0
n 364 29 377 42 0
a 371 32 377 40 0
l 378 32 388 42 0
r 394 32 402 40 0
e 394 32 405 40 0
s 406 32 412 40 0
o 413 32 420 40 0
u 414 32 427 40 0
r 421 32 427 40 0
c 429 32 439 40 0
e 432 32 446 40 0
s 440 32 454 40 0
r 459 29 465 42 0
e 459 32 470 40 0
q 464 29 477 42 0
u 471 29 478 40 0
i 479 32 486 40 0
r 487 32 489 40 0
e 490 32 501 40 0
d 502 32 509 42 0
t 513 32 517 42 0
o 518 32 525 40 0
c 529 32 543 40 0
o 535 29 548 40 0
m 545 32 555 40 0
p 549 29 563 40 0
r 556 29 563 40 0
e 564 32 575 40 0
s 570 29 583 40 0
s 576 32 590 40 0
a 594 32 601 40 0
n 602 32 608 40 0
d 609 32 616 42 0
d 621 32 628 42 0
e 629 32 636 40 0
c 637 32 643 40 0
o 644 32 651 40 0
m 645 29 658 42 0
p 652 32 662 40 0
r 664 29 670 40 0
e 666 29 679 42 0
s 672 29 685 42 0
s 671 32 697 40 0
t 701 32 706 42 0
h 701 32 705 42 0
e 706 32 720 42 0
d 725 32 731 42 0
a 725 32 731 42 0
t 732 32 739 40 0
a 740 32 751 42 0
. 743 32 751 42 0
